Year	Capture2000	Resight2001a	Resight2001b	Resight2002	Resight2004	Resight2005	Resighted	Episode	CollectionDate	Ring#	Ref_#	Habitat	Sex	Malecolor	Alula	bill_depth	bill_feather	bill_gape	bill_head	bill_nostril	bill_width	brood_patch	claw_hind	claw_inner	claw_middle	claw_outer	foot_span	foot_spanwclaws	kipp	mass	mass_corrected	nostril	primary10	primary9	primary8	tail_gradation	tail_inner	tail_outer	tarsus	tarsus_thick1	tarsus_thick2	toe_hind	toe_inner	toe_middle	toe_outer	wing_length
2000	1	1	0	1	0	0	1	1	11/7/2000	SK1	2	1	0	4	19.2	7.6	12.35	7.7	 	 	5.3	 	 	 	 	 	 	 	 	 	 	 	 	 	 	4	41	37	19.7	1.9	1.3	 	 	 	 	64
2000	1	0	0	1	0	0	1	1	11/7/2000	SK2	3	1	0	5	20.1	7.2	14.2	7.9	 	 	5.9	 	6.1	3.7	5.4	3.9	24.6	34.1	 	8.8	13.1495	 	 	 	 	2	41	39	21.2	2.2	1.6	9.5	8.2	12.8	7.9	67
2000	1	1	0	1	0	0	1	1	11/7/2000	SK9	4	1	0	5	21.8	7.7	14.2	7.9	 	 	5.2	 	4.2	3	4.2	3.4	25.3	33.1	 	10.2	14.5495	 	 	 	 	5	42	37	21.2	1.9	1.2	11.4	8.8	13.1	9.8	66
2000	1	1	0	0	0	0	1	1	11/7/2000	SK10	5	1	1	 	21.4	6.8	14.9	7.5	 	 	6.5	 	 	3.9	4.8	5	25.2	34.4	 	8.7	13.0495	 	 	 	 	1	39	38	21	1.9	1.4	 	7.6	10.8	8.2	62
2000	1	1	0	0	0	0	1	1	11/7/2000	SK4	7	1	0	5	20.9	7.4	13.3	8	 	 	5.6	 	5	4.2	5.3	3.4	20.5	26.2	9	11.4	15.7495	 	 	 	 	5	42	37	21.3	2	1.3	10.6	8.1	11.9	8.8	65
2000	1	0	0	1	0	0	1	1	11/7/2000	SK14	15	1	0	5	21.15	7.5	15.2	8.6	 	 	7	 	8.1	6.1	6.6	4.5	24.5	30.3	7	10.7	15.0495	 	 	48	 	3	40	37	22	1.9	1.3	10.1	9	12.8	7.3	64
2000	1	1	0	0	0	0	1	1	11/7/2000	SK13	17	1	0	5	19.6	7.3	12.3	7.8	 	 	5.3	 	 	 	 	 	 	 	 	 	 	 	 	50	 	4.5	41	36.5	21.6	1.9	1.3	 	 	 	 	62
2000	1	0	0	1	0	0	1	1	11/7/2000	SK18	18	1	0	5	20.5	8	12.2	7.9	 	 	5.9	 	5	3.2	4.1	4.2	24	32.4	11	9.9	14.2495	 	 	48	 	3.5	41	37.5	21	1.9	1.6	9.7	7	12.5	7.5	64
2000	1	0	0	0	0	0	0	1	11/7/2000	SK12	19	1	1	 	20.7	7.2	13.1	7.9	 	 	5.3	 	8	4.4	5.4	4.3	23.9	32.9	10	9.4	13.7495	 	 	46.5	 	2	44	42	20.1	2	1.4	10.1	7.5	12	7.3	64
2000	1	0	0	1	0	0	1	1	11/7/2000	SK17	20	1	1	 	21.1	7.4	14	8.2	 	 	5.35	 	7.1	3.7	5	3.8	25	32.1	12	8.5	12.8495	 	 	46	 	2	37	35	21.8	2.1	1.3	10.9	7.1	12.6	8.35	61.5
2000	1	0	0	0	0	0	0	1	11/9/2000	SK16	21	1	1	 	19.6	7.2	14	7.9	 	 	5.5	 	6.3	3.4	5.5	3.6	24	31.8	9	11.2	15.5495	 	 	47	 	3	37	34	19.8	1.9	1.3	10.6	8.6	11.9	8.2	59
2000	1	0	0	0	0	0	0	1	11/9/2000	SK20	23	1	0	3	19.8	7.6	13.9	7.2	 	 	5.5	 	7.6	4	6	4.3	24	33.7	9	8.4	12.7495	 	 	46	 	3	39	36	19.9	2.1	1.4	8.6	7	9.7	6.3	62
2000	1	1	0	0	0	0	1	1	11/9/2000	SK19	24	1	1	 	18.75	7	11.3	8.1	 	 	5	 	6.5	3.4	5.3	3.3	24.8	29	8	9.3	13.6495	 	 	45	 	3	39	36	19	1.9	1.3	8.9	8	10.9	8.4	59
2000	1	0	0	0	0	0	0	1	11/9/2000	SK27	25	-1	0	3	21.9	6.9	12	7.9	 	 	6.3	 	7.1	3.9	5.3	3.7	20.6	25.6	12	11	15.3495	 	 	50	 	2	41	39	21.3	1.9	1.3	7.6	6.8	11	6.9	65
2000	1	1	0	1	0	0	1	1	11/9/2000	SK26	27	-1	 	 	21.3	7.3	14.1	8.4	 	 	6.25	 	 	 	 	 	 	 	9	 	 	 	 	48	 	2	40	38	21.9	2.3	1.3	 	 	 	 	62
2000	1	0	0	0	0	0	0	1	11/9/2000	SK28	30	-1	0	3	19	7.4	14	7.7	 	 	5.1	 	6.8	4	5.8	4.1	23.8	27.9	10	8.4	12.7495	 	 	47.5	 	6	39	33	21	1.8	1.2	10.2	7.8	11.9	6.8	60
2000	1	0	0	1	0	0	1	1	11/9/2000	SK25	31	-1	0	4	21	8.2	13.9	8.5	 	 	6.3	 	6.8	4.8	5.6	4.05	26.4	34.2	8	11.6	15.9495	 	 	52	 	4	40	36	21.4	2.25	1.6	9.5	9.8	12.4	9.5	66
2000	1	0	0	0	0	0	0	1	11/13/2000	SK23	33	1	0	3.5	21	7.2	12.5	7.5	 	8.5	6.3	 	7.8	3.9	5.7	3.6	25	30.2	13	8.7	13.0495	 	 	50	 	5	41	36	21.9	1.9	1.5	10	7.45	12.2	6.5	65
2000	1	0	0	0	0	0	0	1	11/13/2000	SK15	34	1	1	 	20.2	7	14.3	7.8	 	9.7	6.5	 	6.7	3.05	4.65	3.5	26.4	33.2	10	8.6	12.9495	 	 	49	 	5	43	38	20	1.8	1.2	8.95	8.4	12.6	9.55	67
2000	1	0	0	1	0	0	1	1	11/13/2000	SK37	40	1	0	5	21.7	7.6	15.6	8.1	 	9.6	7.3	 	6.6	3.1	5.3	3.9	25.7	35.1	12	9.4	13.7495	 	 	52	 	4.5	43	38.5	21.2	1.9	1.2	9.5	8.5	10.9	8.6	68
2000	1	0	0	0	0	0	0	1	11/13/2000	SK40	42	1	0	5	20.4	7.4	14.25	7.7	 	9.55	7	 	7.1	4.8	5.3	4.8	24.35	28.1	10.5	10.3	14.6495	 	 	49	 	4	40	36	21.2	1.7	1.25	8	7.1	13.1	8.6	64
2000	1	0	0	0	0	0	0	1	11/14/2000	SK47	45	-1	0	3	21.5	7.35	14.1	7.1	 	8.8	6.85	 	6.6	3.4	4.5	3.1	26.7	34.1	10	8	12.3495	 	 	49	 	1	38	37	21.35	1.9	1.3	9.1	8.15	12.35	8.45	63.5
2000	1	0	0	0	0	0	0	1	11/14/2000	SK44	47	-1	0	2	20.1	7.3	11.2	7.2	 	8.4	6.5	 	6.5	4.3	4.2	4.2	23	26.7	10	8.4	12.7495	 	 	48	 	2.5	39	36.5	21.4	1.9	1.35	8.3	7.5	11.9	6.8	62
2000	1	0	0	0	0	0	0	1	11/14/2000	SK35	48	-1	0	5	20.2	7.8	12	6.75	 	9.2	6.8	 	7.5	4.2	4.85	3.85	25.7	34.2	7	9.9	14.2495	 	 	49	 	3	41	38	22.6	1.8	1.2	9.3	7.1	10.9	6.3	64.5
2000	1	0	0	0	0	0	0	1	11/15/2000	SK48	49	-1	1	 	19.9	6.45	12	6.7	 	8.1	6.2	 	6	3.9	5.8	3.25	22.9	31	10	9.3	13.6495	 	 	48	 	2.5	38	35.5	21.1	1.8	1.2	8.1	7.8	11.4	8	62
2000	1	0	0	0	0	0	0	1	11/15/2000	SK49	50	-1	1	 	18.8	6.6	13.8	6.8	 	8.6	6.3	 	5.8	4.25	4.5	3.9	25.6	30.3	7.5	8.1	12.4495	 	 	56	 	1	38	37	19	1.85	1.3	9.8	8.1	13.2	8.7	60
2000	1	0	0	0	0	0	0	1	11/15/2000	SK50	52	-1	1	 	17.3	7.8	14	6.9	 	8.6	6.9	 	5.8	4.9	4.8	4.2	24.7	28.1	9	9.6	13.9495	 	 	44	 	3	37	34	21.1	1.9	1.3	9.5	7.9	12.1	8.5	58
2000	1	0	0	0	0	0	0	1	11/15/2000	SK41	53	-1	0	4	20.1	8.1	13.3	7	 	8.2	7	 	6.8	4.55	5	4.1	24.3	29.8	9	9.6	13.9495	 	 	48.5	 	1	39	38	21.7	1.8	1.2	9.5	7.6	12.2	7.7	62
2000	1	0	0	0	0	0	0	1	11/15/2000	SK42	54	-1	0	4	21.1	7.1	12.5	8	 	8.65	7.05	 	6.2	4.1	4.9	3.7	26.1	30.1	8.5	10.5	14.8495	 	 	50	 	2	39	37	21.45	2	1.3	8.8	8.7	13	7.7	64
2000	1	0	0	0	0	0	0	1	11/15/2000	SK45	55	-1	0	3	20.2	8.1	14.6	7.7	 	9.5	7.3	 	7	4.4	5.5	5	26.6	34.9	12	10.2	14.5495	 	 	49	 	2	41	39	21.8	1.7	1.2	9.5	9.2	14.2	9.3	66
2000	1	0	0	0	0	0	0	1	11/15/2000	SK58	57	-1	0	4	19.3	7.7	12.6	7.9	 	7.7	6.8	 	6.5	4.2	5.4	3.4	25.1	33.2	8.2	8.7	13.0495	 	 	47.5	 	2	40	38	19.8	2	1.2	9.55	8.4	12.1	7.4	63
2000	1	0	0	0	0	0	0	1	11/15/2000	SK59	58	-1	1	 	18.8	6.9	11.8	6.7	 	8.5	6.6	 	6.2	4.4	4.75	3.8	24.3	28.9	11	10.1	14.4495	 	 	47	 	2	39	37	20.3	1.8	1.35	9.8	8.4	12.3	7.5	63
2000	1	0	0	0	0	0	0	1	11/15/2000	SK52	59	-1	0	4	21.05	7.55	13.2	7.75	 	9	6.6	 	6.95	4.1	4.6	3.3	25.5	29	9	10.3	14.6495	 	 	48	 	3	42	39	21.5	1.8	1.1	10.1	7.4	11.3	6.3	63
2000	1	0	0	0	0	0	0	1	11/15/2000	SK51	60	-1	1	 	19.6	7	14.1	7	 	10.2	6.9	 	7.4	4.4	4.8	4	25	30.7	7.5	9.8	14.1495	 	 	46	 	2.5	39	36.5	21.3	1.7	1.2	8.85	7.75	12.95	7.4	60.5
2000	1	0	0	0	0	0	0	1	11/15/2000	SK54	62	1	0	5	21.05	7	12.8	7	 	8.7	6.9	 	6.8	4.1	6.15	4.1	24.2	28.2	9	10	14.3495	 	 	48	 	3.5	40	36.5	19.3	1.7	1.2	8.4	7	11.4	6.6	63.5
2000	1	1	1	1	0	0	1	1	11/15/2000	SK56	63	1	1	 	20.5	7.2	13	6.7	 	8.65	6.4	 	6	4	5.2	4.2	25.1	34	10	9.9	14.2495	 	 	49	 	2.5	41.5	39	19.6	1.8	1.3	8.5	7.1	11.65	6.9	64
2000	1	0	0	0	0	0	0	1	11/15/2000	SK55	65	1	1	 	19.9	6.9	11.8	6.7	 	8.35	6.2	 	6.15	4.05	5.4	3.15	25.7	31.4	8	8.3	12.6495	 	 	49.5	 	1	40	39	18.1	1.9	1.3	9.3	6.9	11.4	7	62
2000	1	0	0	0	0	0	0	1	11/15/2000	SK53	66	1	0	3	21.6	7.5	14.1	8	 	8.75	7	 	6	4.3	4.9	4	26.9	30.7	10	9	13.3495	 	 	50.05	 	2	41	39	21.1	2	1.2	11.3	8.3	11.5	7.3	63
2000	1	0	0	0	0	0	0	1	11/16/2000	SK68	68	-1	0	4	21.1	7	12.9	7.1	 	8.8	6.6	 	5.95	3.8	5.15	4	25.7	35.4	10	8.5	12.8495	 	 	59.5	 	1	41	40	20.7	1.95	1.35	8.8	7.7	11.6	7.3	63
2000	1	0	0	0	0	0	0	1	11/16/2000	SK69	69	-1	1	 	20.9	6.85	12.9	7.7	 	9.2	7	 	5.65	4.7	5.1	3.85	26.75	32.8	7	9.3	13.6495	 	 	46.5	 	2	38.5	36.5	21.3	1.9	1.4	10	6.5	12.9	8.45	60
2000	1	0	0	0	0	0	0	1	11/16/2000	SK62	70	-1	0	4	17.85	7.2	12.4	7.2	 	8	6.7	 	5.5	4	4.85	4	24.1	29.7	8.5	8.8	13.1495	 	 	48.5	 	1	39	38	20.2	1.8	1.2	8.45	7.3	11.5	7.2	63
2000	1	0	0	0	0	0	0	1	11/16/2000	SK67	71	-1	0	5	20.2	7.9	12.75	6.9	 	8.4	6.8	 	6.1	4	5.2	3.1	25.45	30.7	8.5	9	13.3495	 	 	48	 	3	40	37	20.5	1.85	1.4	9.5	8	12.9	7.9	62.5
2000	1	0	0	0	0	0	0	1	11/16/2000	SK66	72	-1	0	4	20.25	7.35	13.5	7.8	 	8.8	6.7	 	6.5	5	5.6	4.1	26.7	31.4	10	9.7	14.0495	 	 	47	 	1	38	37	20.8	2	1.2	9.35	9.2	14	9.35	63.5
2000	1	0	0	0	0	0	0	1	11/16/2000	SK61	73	-1	0	3	20.2	6.9	11.9	6.4	 	7.9	6.3	 	5.75	3.7	4.7	3.6	24.4	31.85	9.5	8.9	13.2495	 	 	50	 	4	41	37	19.9	1.8	1.2	8.4	7.1	12.6	8.7	63
2000	1	0	0	0	0	0	0	1	11/16/2000	SK63	74	-1	0	4	21	7.4	13.1	7.4	 	8.8	6.9	 	6.8	4.35	5.1	4.1	26	32	10	9.7	14.0495	 	 	49	 	2.5	40	37.5	21.9	2.1	1.3	9.25	8.9	12.5	8.85	65
2000	1	0	0	0	0	0	0	1	11/17/2000	SK70	77	-1	1	 	18.3	7.3	11.65	7.5	 	8.1	6.6	 	7	4.55	7.2	4.25	26.7	32.85	8.5	8.4	12.7495	 	 	47	 	3	37.5	34.5	20.8	1.9	1.2	9.3	8.9	13.4	8.4	60.5
2000	1	0	0	0	0	0	0	1	11/17/2000	SK72	78	-1	0	4	19.7	7.4	13.9	7.2	 	8.6	6.8	 	6.8	4.2	5.1	4.5	24.85	31.7	9.5	9.8	14.1495	 	 	49	 	1.5	39	37.5	21.1	1.9	1.3	8.7	7.4	12.4	8	62
2000	1	0	0	0	0	0	0	1	11/17/2000	SK77	82	1	1	 	18.1	7.4	12.1	7.9	 	9.2	7.2	 	6.4	4.3	4.55	3.2	25.4	31.8	10	8.6	12.9495	 	 	47	 	3.5	41	37.5	20.8	1.8	1.2	9.15	7.6	11.5	7.45	62
2000	1	0	0	0	0	0	0	1	11/17/2000	SK79	83	1	0	5	20.5	7.15	12.25	7.4	 	8.7	6.95	 	6.5	4	3.4	3.7	24.5	27.1	9.5	9.3	13.6495	 	 	48.5	 	5.5	39.5	34	22.3	2	1.3	8.35	7.45	12.75	8.75	64
2000	1	0	1	1	0	0	1	1	11/17/2000	SK76	84	1	0	4	21.7	7.8	13.65	7.45	 	8.5	6.7	 	6.5	4.3	4.35	3.55	25.8	32.85	12	9.3	13.6495	 	 	49	 	3.5	41	37.5	21.45	1.7	1.35	9.75	7.65	12.15	9.55	64.5
2000	1	0	0	0	0	0	0	1	11/17/2000	SK80	85	1	1	 	19.65	7.15	12.6	7.7	 	8.25	6.85	 	3.4	2.9	3.6	3.25	22.9	26.5	7	8.6	12.9495	 	 	45.5	 	3	37.5	34.5	19.6	1.9	1.25	7	6.9	11.6	7.9	59.5
2000	1	0	0	0	0	0	0	1	11/17/2000	SK71	86	1	0	5	21.55	7.5	12.45	7.4	 	8.9	6.9	 	5.85	4.8	4.4	4	24	28.8	10.5	10.7	15.0495	 	 	51.5	 	2	43	41	21.75	1.9	1.25	7.2	7.6	11.6	7.05	69
2000	1	0	0	0	0	0	0	1	11/17/2000	SK78	87	1	0	3	20.5	7.45	14	7.2	 	9.4	7.1	 	6.2	3.9	4.6	3.15	25.2	31.45	12	10.4	14.7495	 	 	50.05	 	3	42	39	21.3	2.1	1.3	10.6	6.6	11.7	8.15	68
2000	1	0	0	0	0	0	0	1	11/17/2000	SK85	88	1	0	3	21.05	7.1	11.4	7.05	 	8.2	6.85	 	5.8	4.2	4.6	3.1	25.1	31.9	8	10.3	14.6495	 	 	46	 	3	40	37	21.7	1.9	1.2	8.35	7.75	11.9	7.3	62
2000	1	0	0	0	1	0	1	1	11/17/2000	SK83	89	1	0	2	19.9	7.7	13.25	7.35	 	9	7.25	 	5.7	4.3	5.4	3.65	26	31.1	9.5	10.3	14.6495	 	 	48.5	 	3	39.5	36.5	21.6	1.8	1.3	8.05	7.9	12.2	9.9	65
2000	1	1	0	1	0	0	1	1	11/17/2000	SK84	90	1	1	 	21.3	7.55	12.2	7.3	 	8	6.9	 	5.3	3.25	4.6	3.4	24.25	32.2	12	9.8	14.1495	 	 	47	 	3	40	37	20.9	1.8	1.2	8.9	8.6	10.75	8.2	64
2000	1	1	0	1	0	0	1	1	11/18/2000	SK82	91	1	0	3	21.45	7.3	11.1	8.1	 	8.45	7.05	 	7.1	4.2	5.1	3.8	27.1	34.45	10.5	11.7	16.0495	 	 	50.5	 	3.5	40.5	37	21.75	1.8	1.2	9.95	9.55	13.8	9.25	64.5
2000	1	0	0	0	0	0	0	1	11/18/2000	SK90	93	1	0	3	20.9	7.8	11.95	7.45	 	8.75	7.2	 	6.4	4.3	5.25	3.3	24.5	31.9	11	9.9	14.2495	 	 	48	 	3	41	38	20.4	2.15	1.4	9.35	8.55	12.25	8.25	65
2000	1	0	0	0	0	0	0	1	11/18/2000	SK86	95	1	1	 	19.85	7.5	13.4	7.2	 	9.05	7.2	 	6.1	4.05	4.8	3.5	26	32.55	9	9.1	13.4495	 	 	46.5	 	3	38	35	20.2	2	1.3	8.75	8.45	12.5	9.5	61
2000	1	0	0	0	0	0	0	1	11/18/2000	SK88	96	1	0	4	20.9	7.85	13.95	7.6	 	9	7.2	 	6.4	4.3	4	3.45	24.5	32.65	12	10.1	14.4495	 	 	49.5	 	3	41.5	38.5	21.75	1.7	1.3	9.3	8.5	12.55	8.45	65
2000	1	0	0	0	0	0	0	1	11/18/2000	SK89	97	1	1	 	20.9	7.7	12.9	7.5	 	9	6.8	 	6.6	4.35	4.15	3.2	25.1	31.9	10	8.6	12.9495	 	 	47	 	2	41	39	21	1.7	1.2	7.7	8.15	12.85	8.7	63
2000	1	1	1	1	0	0	1	1	11/18/2000	SK94	101	1	0	4	22.8	7.6	12.4	7.9	 	9.6	7.25	 	5.9	4	4.4	3.6	26	32.8	10.05	10.9	15.2495	 	 	48.5	 	3	41	38	21.8	2.1	1.35	9.2	8.9	13.3	10	66
2000	1	0	0	0	0	0	0	1	11/18/2000	SK99	102	1	1	 	21	7.6	12.15	7.9	 	8.55	7.5	 	5.8	5	5.8	3.7	24.1	29.5	12	10.3	14.6495	 	 	48	 	9	40	31	21.95	1.9	1.35	7.5	9.15	12.4	9.8	63
2000	1	1	0	0	0	0	1	1	11/18/2000	SK91	103	1	0	3	21.6	7.7	13	7.8	 	9.5	6.9	 	5.7	4.1	4.2	3.3	26.3	33	8	10.7	15.0495	 	 	50	 	3	41	38	21.9	1.9	1.3	9	8.55	12.85	9.45	65
2000	1	0	0	0	0	0	0	1	11/20/2000	SK97	105	-1	0	2	20.7	7.8	12.2	7.7	 	8	7	 	6.2	4.7	5.5	4.1	24.5	31.9	10	9.5	13.8495	 	 	51	 	1.5	41.5	40	21	1.9	1.2	9.45	7.2	12.4	7.6	66
2000	1	0	0	0	0	0	0	1	11/20/2000	SK98	106	-1	0	5	20.6	6.9	11.5	7.3	 	8.5	6.5	 	7	4.8	5.2	4	25	32.8	8.5	9.5	13.8495	 	 	50.5	 	2	40	38	19.5	1.8	1.1	9	8.1	12.35	8.6	64
2000	1	0	0	1	0	0	1	1	11/20/2000	SK95	107	-1	1	 	18.3	7.1	11	7.4	 	7.9	6.6	 	6.2	4.9	5.4	4	25.7	33	10.5	8.8	13.1495	 	 	48	 	3	40	37	20.1	1.7	1.3	9.2	8.2	11.85	9.6	60.5
2000	1	0	0	0	0	0	0	1	11/20/2000	SK92	108	-1	1	 	20	7.2	12.4	7.3	 	8.5	6.5	 	6	3.3	4.2	3	24.9	31.2	9	10.3	14.6495	 	 	47	 	2	38	36	21.5	1.9	1.25	9	8.2	11.8	9.1	60
2000	1	0	0	0	0	0	0	1	11/20/2000	SK93	109	-1	0	3	19.3	6.8	10.35	6.6	 	7	6.4	 	6.2	4.15	5	3.8	25.2	32.1	10	7.9	12.2495	 	 	49	 	2.5	38	35.5	20.1	1.8	1.3	8.2	9	11.9	8.3	62
2000	1	0	0	0	0	0	0	1	11/20/2000	SK102	110	-1	1	 	19.65	7.3	12.2	8.1	 	8.85	7.4	 	 	 	 	 	 	 	8	8.7	13.0495	 	 	47	 	 	 	 	21	1.8	1.2	 	 	 	 	61
2000	1	0	0	1	0	0	1	1	11/20/2000	SK101	112	-1	0	4	17.8	7.2	11.1	7.4	 	7.9	7	 	6	4.3	4.5	3.4	25.4	31.5	11	8.3	12.6495	 	 	48.5	 	1.5	40	38.5	21.1	1.9	1.3	8.35	8.5	13	8.6	63
2000	1	0	0	0	0	0	0	1	11/20/2000	SK103	113	-1	0	4	20.2	7.3	12.75	7.25	 	8.3	6.9	 	5.95	3.85	6.1	3.7	25.3	34	8	8.9	13.2495	 	 	51	 	2	43	41	21.9	1.6	1.1	8.7	7.95	12.95	8.6	65
2000	1	0	0	0	0	0	0	1	11/20/2000	SK107	115	1	0	5	20.25	8.2	13.1	7.7	 	9.5	7.2	 	6.7	4	6	3.7	26	32.5	8.5	9.3	13.6495	 	 	48.5	 	3	40	37	21.4	2	1.4	9.8	7.9	12.5	8.5	64
2000	1	0	0	0	0	0	0	1	11/20/2000	SK106	116	1	0	1	19	7.3	12.2	7.4	 	8.6	6.6	 	6.7	4.2	4.5	4	25.3	33.4	10	8.7	13.0495	 	 	49	 	3	39	36	20.5	1.6	1.2	8.35	8.85	12.7	9.2	65
2000	1	0	0	0	0	0	0	1	11/20/2000	SK105	117	1	0	5	21.7	7.6	13.6	7.8	 	9	7.6	 	6.1	4.1	4.9	4.8	25.9	33.5	10	9.1	13.4495	 	 	50	 	3.5	42	38.5	21.8	2	1.4	9.5	8.35	12.1	9	64.5
2000	1	0	0	0	0	0	0	1	11/20/2000	SK82	118	1	0	3	21.55	7.3	11.9	8	 	8.5	7.3	 	6.7	3.7	4.3	4	26	32.6	7.5	8.6	12.9495	 	 	50	 	2.5	40.5	38	21.3	2	1.3	9.6	6.75	11.15	8	66
2000	1	0	0	0	0	0	0	1	11/20/2000	SK113	124	1	0	5	21.25	7	11.4	7.3	 	8.5	6.8	 	6.3	4	5.4	4.1	25	32	10	10.2	14.5495	 	 	50	 	2	41.5	39.5	21.1	1.9	1.25	9	7.8	12.6	9.15	65.5
2000	1	0	0	0	0	0	0	1	11/20/2000	SK112	125	1	0	4	20.2	7.5	11.2	7	 	8	6.75	 	6.1	4.6	5	3.2	25	31.8	7	10.4	14.7495	 	 	50	 	3	42	39	21.35	2	1.25	8.8	7.9	11.3	7.6	65
2000	1	0	0	0	0	0	0	1	11/20/2000	SK120	126	1	1	 	19.6	7.15	12.25	7.1	 	8.3	6.7	 	5.8	3.3	3.9	3.1	24	31.9	9	9.1	13.4495	 	 	50	 	2	38.5	36.5	18.4	1.9	1.25	8.4	7.8	10.65	7.1	63
2000	1	0	0	0	0	0	0	1	11/21/2000	SK119	127	-1	0	5	21	7.85	13.3	7.4	 	8.9	7.2	 	7	4.4	4.7	4.5	24.6	33.15	10.5	9.9	14.2495	 	 	50	 	3	41	38	21	2	1.2	8.8	8.75	11.9	8.3	64.5
2000	1	0	0	0	0	0	0	1	11/21/2000	SK111	128	-1	0	4	21.3	7.2	12.3	7.5	 	8.25	6.7	 	6.5	4	5.3	3.8	25.9	34.1	8.5	9.9	14.2495	 	 	50	 	1.5	41.5	40	20.8	1.8	1.5	10	9.1	12.6	7.7	65
2000	1	0	0	0	0	0	0	1	11/21/2000	SK115	130	-1	1	 	20.5	7.3	11.2	7.05	 	8.1	7.05	 	7.8	4.35	6.05	4.3	26.2	32.5	7	8.9	13.2495	 	 	48	 	3.5	40	36.5	22.3	1.7	1.2	9.9	9.05	12.7	8.9	62
2000	1	0	0	0	0	0	0	1	11/21/2000	SK126	131	-1	1	 	21.85	8	13.2	7.4	 	9	7	 	6.8	4.3	5.2	4	24.55	32.2	8	8.5	12.8495	 	 	51	 	2	40	38	20.3	1.9	1.3	8.3	9.2	12.55	9.6	65
2000	1	0	1	1	0	0	1	1	11/21/2000	SK122	133	-1	0	5	21.8	8.5	13.85	7.9	 	9.4	7.5	 	7.3	4.9	4.85	4.8	28.3	34.85	12.5	8.6	12.9495	 	 	50	 	3	41	38	21.6	1.95	1.5	10.5	8.45	13.3	9.5	66
2000	1	0	0	0	0	0	0	1	11/21/2000	SK127	135	-1	1	 	20.3	7.4	12	7.9	 	8.1	7.2	 	6.8	4.5	5.3	4.25	25.3	32	12	9.8	14.1495	 	 	47	 	3	40	37	22.2	1.8	1.2	9	8.15	11.8	8.5	64
2000	1	0	0	0	0	0	0	1	11/21/2000	SK129	137	-1	1	 	18.35	7.75	12.45	7.25	 	8.7	6.8	 	6.2	3.95	4.9	4.1	24.9	32.1	11.5	9.2	13.5495	 	 	49.5	 	3	40	37	21.6	1.8	1.2	8.8	8.15	11.7	7.8	63
2000	1	0	0	0	0	0	0	1	11/21/2000	SK124	138	-1	0	5	19.7	7.45	11.3	7.4	 	8.5	7	 	6.05	4.1	5.5	4	26.1	33.2	11.5	8.2	12.5495	 	 	49.5	 	3	40	37	22	1.8	1.2	9.75	9.1	12.9	9.65	62
2000	1	0	0	0	0	0	0	1	11/21/2000	SK123	139	-1	1	 	20.85	7.65	14.1	8	 	7.9	7.1	 	7	4	5.4	4	24.3	31.7	11	8.6	12.9495	 	 	50.5	 	1.5	37.5	36	20.1	2.1	1.25	9.6	8.6	11.35	8.6	64
2001	0	1	0	1	0	0	1	2	2/20/2001	SK136	142	1	0	5	22.3	7.5	15.2	7.8	 	8.5	6.4	 	 	 	 	 	24.9	32.3	10	14.2	14.2	 	 	50	 	2	40	38	20.2	2	1.2	 	 	 	 	64
2001	0	1	0	1	0	0	1	2	2/20/2001	SK132	144	1	0	5	21.2	7.15	14.8	7.3	 	8.8	6.3	 	5.8	4.5	4	3.55	26.1	31.3	10	13.5	13.5	 	 	48	 	3	40	37	20.3	1.9	1.2	8.8	10	13.4	9.15	62
2001	0	1	0	0	0	0	0	2	2/20/2001	SK144	156	1	1	 	 	6.7	11.5	7	 	8	6.5	 	 	 	 	 	 	 	 	 	 	 	 	 	 	 	 	 	 	 	 	 	 	 	 	 
2001	0	1	0	0	0	0	0	2	2/21/2001	SK141	157	-1	1	 	20.9	7.7	13	7.2	 	9.1	6.7	 	7.6	4.6	5.6	4	24.3	33.25	11	12.5	12.5	 	 	47	 	2	37	35	19.8	1.9	1.3	9.4	7.65	12.9	8.7	62
2001	0	1	0	0	0	0	0	2	2/21/2001	SK148	158	-1	0	5	21.5	7.6	13	7.55	 	9.3	6.9	 	7.5	4	5.7	4.2	26	33.7	11	13.3	13.3	 	 	49	 	2	41	39	21	2	1.4	9.4	8.5	12.9	8.45	64.5
2001	0	1	0	0	0	0	0	2	2/21/2001	SK158	163	-1	0	4	18.3	7.25	12.6	8.15	 	7.6	6.8	 	5.6	4.5	5.15	3.95	23.95	31.3	9.5	13.4	13.4	 	 	49	 	3.05	40.05	37	21	2.3	1.55	8.55	7	11.65	8.65	63
2001	0	1	0	0	0	0	0	2	2/21/2001	SK151	166	-1	0	2	21.45	7.3	13.1	7.95	 	7.8	7.5	 	6.6	4.1	4.1	3.15	24.55	32	10.5	12.2	12.2	 	 	50	 	1.5	40.5	39	20.5	1.8	1.2	8.85	8.3	11.1	8	63
2001	0	1	0	0	0	0	0	2	2/21/2001	SK157	167	-1	1	 	19.85	6.8	11	8	 	7.2	6.7	 	6.6	3.85	5	3	26.6	30.9	9	11.9	11.9	 	 	50	 	3.5	40	36.5	19.7	1.9	1.2	7.7	8.55	11.8	8.85	63
2001	0	1	0	1	0	0	1	2	2/21/2001	SK154	169	-1	0	4	20.55	7.8	13.4	8.4	 	9	6.7	 	7.1	3.75	5.6	4.25	27.1	33.15	8.5	14.7	14.7	 	 	51.5	 	3.5	42.5	39	21.15	2	1.4	10	8.1	12.85	7.3	66.5
2001	0	1	0	0	0	0	0	2	2/21/2001	SK152	170	-1	0	5	19.5	7.7	14.1	8	 	8.95	6.8	 	7.3	3.85	4.5	4.1	26.15	34.5	10	13.5	13.5	 	 	50.5	 	1	40	39	20.7	1.9	1.35	9.15	9.35	13.45	9.3	64
2001	0	1	0	0	0	0	0	2	2/23/2001	SK163	171	-1	1	 	19	6.9	12	7	 	8.1	6.2	 	7.1	3.85	6	3.9	22.9	32	7	13.3	13.3	 	 	48	 	2	39	37	18.75	1.9	1.35	8.6	6.9	11.5	8.3	60
2001	0	1	0	0	0	0	0	2	2/23/2001	SK161	173	-1	1	 	21.75	8	13.8	8.6	 	9.2	7.3	 	6.5	3.9	4.5	3.9	24.8	33	12	14.1	14.1	 	 	51	 	.5	40	39.5	21.15	2	1.2	9.25	7.7	11.7	8.85	65.5
2001	0	1	0	0	0	0	0	2	2/23/2001	SK165	174	-1	1	 	17.7	6.95	11.5	7.8	 	7.7	7	 	6.5	4.2	4.15	2.8	25.1	32.1	7	12	12	 	 	45	 	5	38	33	20.35	1.85	1.3	8.2	8	12.8	8.75	59
2001	0	1	0	0	0	0	0	2	2/23/2001	SK162	175	-1	0	5	21.55	7	13.1	7.15	 	8.3	7	 	8	3.85	5.65	 	23.6	31.7	11	13.2	13.2	 	 	50	 	2	41	39	18.8	2	1.6	8.5	8.2	10.45	 	65
2001	0	1	0	0	0	0	0	2	2/23/2001	SK167	176	-1	1	 	19.7	6.9	12.15	7.8	 	8.55	7.05	 	5.9	3.7	5.7	3.2	24.45	34.35	11	12.9	12.9	 	 	51	 	1.5	42	40.5	21.1	2	1.5	8.8	7.7	12	7.1	66
2001	0	1	0	0	0	0	0	2	2/23/2001	SK169	177	-1	1	 	20.4	7.5	12.5	7.45	 	8.15	6.75	 	5	4	4.3	3.2	25.6	32.85	11.5	12.4	12.4	 	 	48.5	 	2	39	37	20.25	1.8	1.2	7.4	6.8	11.2	6.75	63
2001	0	1	0	1	0	0	1	2	2/23/2001	SK166	178	-1	0	5	21	7.7	12.6	7.1	 	8.1	6.85	 	6.85	3.95	4.85	4.3	25.65	33.8	10	14.8	14.8	 	 	53	 	1.5	43	41.5	21.7	1.9	1.45	9.25	7.75	12	7.85	67.5
2001	0	1	0	0	0	0	0	2	2/26/2001	SK168	179	1	1	 	18.65	7.9	12.75	7.2	 	9.9	6.8	 	7	4	4.5	3.8	23.85	33.1	7	11.7	11.7	 	 	46	 	1.5	37.5	36	20.75	2	1.45	8.45	8.25	12.1	9.3	62
2001	0	1	0	1	0	0	1	2	2/26/2001	SK170	180	1	0	5	19.75	7.25	11.55	7.8	 	8.3	6.75	 	6.7	4.1	3.95	3.3	25.4	33.3	11	13.4	13.4	 	 	50	 	3	40	37	20.65	1.9	1.4	9	7.5	12.6	8.2	64
2001	0	1	0	1	0	0	1	2	2/26/2001	SK177	181	1	0	5	19.25	7.1	11.9	7.3	 	8.35	6.7	 	6.8	3.8	4.9	3.95	23.6	30.9	10	14.6	14.6	 	 	48	 	2.5	40.5	38	20	2	1.3	9.35	8.45	12.05	6.95	60
2001	0	1	0	0	0	0	0	2	2/26/2001	SK176	185	1	0	4	20.55	7	11.95	7.5	 	8.1	6.7	 	6.55	3.6	4.3	3.7	25.7	33.8	10.05	13.1	13.1	 	 	50	 	0	42	42	20.7	2	1.3	9.4	7.95	12.1	8.6	67
2001	0	1	0	1	0	1	1	2	2/26/2001	SK178	186	1	1	 	19.7	8	12.9	6.9	 	8.2	6.3	 	6.6	3.45	4.7	3.45	22.6	32.8	8.5	13.9	13.9	 	 	49.5	 	1.9	38.9	37	20	1.95	1.3	8.3	8.45	11.65	8.2	63
2001	0	1	0	1	0	0	1	2	2/26/2001	SK175	187	1	0	4	20.25	7	13	7.7	 	8.6	7.1	 	5.9	4.3	5.15	3.7	25.3	31.6	8.5	13.7	13.7	 	 	48	 	1.5	39	37.5	19.55	1.95	1.45	10	7.7	12.1	9.5	62
2001	0	1	0	1	0	0	1	2	2/26/2001	SK171	188	1	0	5	20.2	7.3	12.8	7.1	 	8.9	6.9	 	7.1	3.85	4.35	3.85	25	32.2	11	14.9	14.9	 	 	51	 	3	41	38	20.8	1.8	1.2	9.45	8.2	11.85	9.55	65
2001	0	1	0	0	0	0	0	2	3/5/2001	SK190	190	1	0	5	22.15	7.3	13.4	7.6	 	8.35	6.7	 	6.65	4.2	5.1	3.55	25.2	32.9	8.5	13.6	13.6	 	 	 	 	2	39	37	20.65	2	1.2	8.1	7.35	12.75	9.9	65
2001	0	1	0	0	0	0	0	2	3/5/2001	SK187	191	1	0	3	15.3	7.05	12.7	7.15	 	8.55	6.8	 	7.45	4.2	5.6	4	24.9	32.15	8.5	14.4	14.4	 	 	 	 	1	41	40	20.25	1.9	1.2	9.35	7.55	12.45	7.7	64
2001	0	1	0	1	0	0	1	2	3/5/2001	SK15	194	1	0	3	18.55	7.25	12.9	6.95	 	9.3	6.6	 	6.8	3.35	5.15	3.5	24.95	32.6	 	13.8	13.8	 	 	 	 	1	39	38	19.85	1.85	1.15	9.2	7.1	12.65	8.6	66
2001	0	1	0	0	0	0	0	2	3/5/2001	SK186	195	1	0	5	21	7.35	13.1	7.45	 	8.8	6.9	 	7.5	4	5.15	3.5	25.9	33.15	9	14.9	14.9	 	 	 	 	2	42	40	20.95	2.1	1.4	9.15	8.5	12.85	9	64.5
2001	0	1	0	0	0	0	0	2	3/5/2001	SK182	196	1	0	5	 	7.15	11.85	6.7	 	8.7	6.6	 	 	 	 	 	 	 	 	 	 	 	 	 	 	 	 	 	 	 	 	 	 	 	 	 
2001	0	1	0	0	0	0	0	2	3/5/2001	SK184	197	1	1	 	19.4	7.4	12	6.85	 	8.5	6.3	 	6.95	3.95	 	3.25	23	 	9	12.3	12.3	 	 	 	 	3	38	35	19.15	1.9	1.3	7.9	7.8	10.6	7.5	60
2001	0	1	0	1	0	0	1	2	3/5/2001	SK188	198	1	0	5	21.35	7.15	12.9	7.4	 	8.9	6.65	 	6.55	3.95	5	3.4	24.75	34	 	13.9	13.9	 	 	 	 	1	41	40	20.2	2	1.2	7.6	8.9	12.9	8.2	62
2001	0	1	0	0	0	0	0	2	3/5/2001	SK189	199	1	1	 	20	6.3	11.9	6.9	 	8.2	6	 	7.05	3.65	5	3.95	23.7	31.1	 	13.3	13.3	 	 	 	 	2.5	37.5	35	18.9	1.8	1.2	9.35	7.4	11.45	8.9	59
2001	0	1	0	0	0	0	0	2	3/6/2001	SK195	208	1	0	3	21.5	7.65	12.7	8	 	9.1	7.2	 	6.2	4	4.2	3.45	26.05	34	9	15.2	15.2	 	 	48	 	2	40	38	21.8	1.85	1.2	8.05	8	12.2	8.4	62
2001	0	1	0	0	1	0	1	2	3/6/2001	SK205	210	1	0	5	20.25	7.75	13	6.9	 	8.9	6.7	 	7	3.45	5.1	3.2	23.75	30.9	8	14.6	14.6	 	 	47.5	 	2.5	41	38.5	20.65	2.05	1.3	8.9	8.25	11.9	8.25	62.5
2001	0	1	0	0	1	0	1	2	3/6/2001	SK206	211	1	1	 	19.5	7.3	12.9	7.4	 	9.1	6.95	 	6.9	4.15	5.75	4.2	25.1	32.3	6	17.6	17.6	 	 	45	 	1	37	36	22.2	2	1.5	8.7	8.55	12.4	9.45	61.5
2001	0	1	0	1	0	0	1	2	3/6/2001	SK209	212	1	0	5	21.3	7.35	12.3	7.1	 	9.2	6.9	 	6.7	3.55	5.05	3.7	24.2	33.1	10.5	17	17	 	 	51	 	3	40	37	21.1	2	1.2	8.7	8.4	11.8	8.5	64
2001	0	1	0	0	0	0	0	2	3/6/2001	SK203	216	1	0	5	20.15	7.4	12.8	7.4	 	8.9	7.05	 	7.2	4	4.8	3.45	25.25	34.15	8	14.4	14.4	 	 	49	 	1.5	41	39.5	20.45	1.85	1.4	8.8	6.9	12.25	7.8	61
2001	0	1	0	0	0	0	0	2	3/6/2001	SK210	217	1	0	5	21.3	7.65	13.6	7.1	 	9	6.9	 	6.2	4.05	4.25	3.4	25.8	33.3	11	15.7	15.7	 	 	50	 	2	40	38	19.65	2	1.3	9.7	7.5	12.6	7	63
2001	0	1	0	0	0	0	0	2	3/6/2001	SK207	218	1	0	3	19.8	7.55	11.9	8	 	7.95	7.15	 	7.1	3.8	4.65	3.45	25.25	34.2	7	14.8	14.8	 	 	49	 	2	40	38	21	2	1.2	9.4	7.1	10.65	7.05	62
2001	0	1	0	0	0	0	0	2	3/6/2001	SK204	219	1	0	2	 	7.8	12.6	7.3	 	9.1	7	 	 	 	 	 	 	 	 	 	 	 	 	 	 	 	 	 	 	 	 	 	 	 	 	 
2001	0	1	0	0	1	0	1	2	3/6/2001	SK213	220	1	0	5	 	7.9	13.4	7.5	 	9.05	7.05	 	 	 	 	 	 	 	 	 	 	 	 	 	 	 	 	 	 	 	 	 	 	 	 	 
2001	0	1	0	0	0	0	0	2	3/7/2001	SK217	221	1	0	5	 	6.9	12.2	7.1	 	8.4	6.5	 	 	 	 	 	 	 	 	 	 	 	 	 	 	 	 	 	 	 	 	 	 	 	 	 
2001	0	1	0	0	0	0	0	2	3/7/2001	SK220	224	1	1	 	19.6	7.1	12.9	7	 	8.2	6.9	 	6.3	3.85	5.15	3.65	26	34.85	9	15.3	15.3	 	 	49	 	1.5	40	38.5	20.4	1.9	1.2	8.55	8.75	12.85	8.15	61.5
2001	0	1	0	0	0	0	0	2	3/7/2001	SK227	233	1	1	 	19.45	7.1	12.85	7	 	9.9	6.5	 	5.9	4.35	5.2	3.4	24.5	33.5	6	14.3	14.3	 	 	43	 	2	37	35	20.9	1.7	1.3	9.5	7.3	11.5	7.9	60
2001	0	1	0	0	0	0	0	2	3/7/2001	SK223	234	1	0	5	21.35	7.25	12.45	7	 	9	6.8	 	6	3.7	4.3	3.2	26.5	35.25	11	15.3	15.3	 	 	52.5	 	2	41	39	21	2	1.3	9.85	7.9	12.85	8.8	65.5
2001	0	1	0	0	0	0	0	2	3/7/2001	SK221	235	1	1	 	21.45	7	12.45	7.2	 	9.25	6.3	 	5.7	3.4	4.2	3.2	26.8	33.9	 	14.5	14.5	 	 	 	 	2.5	39.5	37	19.9	1.95	1.5	9.3	8.6	12.1	8.65	61
2001	0	1	0	0	0	0	0	2	3/7/2001	SK230	236	1	0	3	 	7.25	11.7	7.9	 	8.5	7	 	6.25	3.05	4.45	2.95	25	32.1	 	13.8	13.8	 	 	48	 	3	40	37	21	2	1.3	9.05	8	11.85	8	63.5
2001	0	0	1	0	0	0	0	3	12/12/2001	SK225	239	1	1	 	20.9	7.8	14.55	7.4	 	9.1	7.1	 	7	4.2	4.95	3.4	25.9	32.3	 	15.1	15.1	 	 	48.5	 	2	40	38	20.8	2	1.2	9.7	8.6	12.1	9.3	64
2001	0	0	1	0	1	0	1	3	12/12/2001	SK228	240	1	1	 	20.75	6.7	12.3	6.6	 	8.6	6.45	 	6.25	3.95	4.6	2.5	24.35	31.4	 	13.3	13.3	 	 	49.5	 	2.5	41	38.5	19.4	1.7	1.2	8.85	8.45	11.3	7.85	63.5
2001	0	0	1	1	0	0	1	3	12/12/2001	SK233	244	1	0	5	20.85	7.55	12	7.45	 	8.2	6.55	 	6.45	3.75	5.4	3.1	25.9	33	 	15.2	15.2	 	 	49	 	2.5	41	38.5	21.5	2.1	1.5	9.1	8.5	12.6	9.25	64.5
2001	0	0	1	0	0	0	0	3	12/12/2001	SK235	246	1	0	5	21.1	7.9	13	7.25	 	8.1	7	 	6	 	5	3.35	26.1	34.2	 	13.4	13.4	 	 	48	 	3.5	40	36.5	20.25	4.1	3.2	9.5	 	13.4	9.15	61
2001	0	0	1	0	0	0	0	3	12/12/2001	SK236	247	1	0	4	21.5	7.25	12.5	7.5	 	7.9	6.8	 	6.3	3.75	4	3	26.1	32.1	 	15.4	15.4	 	 	48	 	4	42	38	22.1	2	1.3	9.3	8.3	12.1	9	63
2001	0	0	1	0	0	0	0	3	12/12/2001	SK238	249	1	0	5	20.85	7.4	13	7.2	 	8.5	7	 	7.25	3.6	4.65	3	26.85	33.1	 	14.2	14.2	 	 	48	 	2.5	41	38.5	21.4	1.9	1.25	9.3	8.25	14.1	9.6	64.5
2001	0	0	1	0	0	0	0	3	12/12/2001	SK239	250	1	1	 	20.1	7.3	13.15	6.7	 	8.9	6.5	 	6.2	3.85	4.85	4	21.2	32.1	 	12.9	12.9	 	 	51	 	2	40.5	38.5	20	1.8	1.5	7.4	7.2	10.85	7.95	65
2001	0	0	1	0	0	0	0	3	12/12/2001	SK245	254	1	1	 	20.9	7.15	11.5	6.3	 	8.1	6.3	 	7.5	3.75	5.25	3.8	21.4	28.8	 	11.7	11.7	 	 	46	 	1	37	36	20.5	1.6	1.2	8.6	7.6	9.75	7.7	60
2001	0	0	1	0	0	0	0	3	12/12/2001	SK246	255	1	1	 	19.5	7.9	12.5	7.7	 	7.9	6.6	 	5.5	4.2	4.8	3.1	23.75	32	 	13.4	13.4	 	 	45	 	1.5	39.5	38	20.75	1.9	1.25	8.3	7.8	11.45	9	61
2001	0	0	1	0	0	0	0	3	12/12/2001	SK247	256	1	0	5	21.1	7.65	13.3	7	 	8.75	6.8	 	4.8	3.6	5	3.1	24.7	33.2	 	14.1	14.1	 	 	49	 	2	40	38	21.75	1.9	1.2	8.3	8.15	11.95	8	63.5
2001	0	0	1	0	0	0	0	3	12/12/2001	SK248	257	1	1	 	19.1	7.25	12.3	7.1	 	8.9	6.9	 	5.9	3.55	4.25	3.9	24.4	33.15	 	13.7	13.7	 	 	47	 	3	37	34	20.85	1.7	1.3	8.7	7.7	11.6	8.75	61.5
2001	0	0	1	0	0	0	0	3	12/13/2001	SK249	260	-1	0	4	21.2	7.2	12	7.1	 	7.3	6.45	 	6.9	3.8	5	3.7	27.25	36.2	 	12.9	12.9	 	 	46	 	1.5	40.5	39	21.8	1.65	1.2	9.1	8.2	13.2	8.9	63
2001	0	0	1	1	0	0	1	3	12/13/2001	SK242	261	-1	0	5	18.7	7.15	12.65	7.1	 	8.3	6.5	 	7.1	4.1	4.55	3.5	25.1	31.1	 	13.1	13.1	 	 	49	 	3	40	37	21.4	1.8	1.4	9.25	7.9	12.45	9.1	64
2001	0	0	1	0	0	0	0	3	12/13/2001	SK244	262	-1	0	5	19.65	7.1	13.1	7.6	 	8.1	6.85	 	5.7	3.9	4.5	3.1	23.9	31.2	 	12.8	12.8	 	 	52	 	5.5	42.5	37	21	1.85	1.25	8	7.25	11.5	8.8	66
2001	0	0	1	0	0	0	0	3	12/13/2001	SK250	263	-1	0	5	20.6	7.7	14	8	 	8.9	7.3	 	5.95	3.65	4.5	3.85	26.1	34.3	 	15.4	15.4	 	 	50.05	 	2.5	41.5	39	21.7	2.1	1.35	10.3	8.8	12.95	7.8	66
2001	0	0	1	0	0	0	0	3	12/13/2001	SK259	264	-1	0	5	19.1	7.65	13.3	6.75	 	8.25	6.55	 	6.4	1.8	4.8	3.1	24.6	31.25	 	12.8	12.8	 	 	48	 	2	39.5	37.5	19.4	1.8	1.3	8.8	7.9	11.45	8.15	63.5
2001	0	0	1	0	0	0	0	3	12/13/2001	SK251	265	-1	0	4	22	8	13.8	7.5	 	8.4	7	 	7.1	3.9	5.6	4	26.9	35.3	 	11.9	11.9	 	 	50.05	 	3	41	38	22	1.9	1.3	9.2	8.45	13	8.9	64
2001	0	0	1	0	0	0	0	3	12/13/2001	SK258	266	-1	1	 	18.1	6.95	12	7	 	8.1	6.6	 	7.2	3.9	5	3.85	24.8	32.9	 	12.2	12.2	 	 	44	 	3	38	35	20.1	1.9	1.2	8.6	8.3	12.35	9	56
2001	0	0	1	0	0	0	0	3	12/14/2001	SK255	271	1	1	 	20	7.75	13.5	7.2	 	9	6.95	 	6	3.55	5.3	3.9	26	33.65	 	14.7	14.7	 	 	48	 	3.5	40.5	37	21	1.9	1.3	8.4	7.85	12.9	8.6	63
2001	0	0	1	1	0	0	1	3	12/14/2001	SK204	272	1	0	5	21	7.3	13.85	8	 	8.7	7.05	 	7	5	5.7	3.95	27	36.2	 	14.4	14.4	 	 	50	 	5	40	35	21.7	2	1.3	9.75	8.45	13.9	9.95	64.5
2001	0	0	1	0	0	0	0	3	12/14/2001	SK253	273	1	1	 	20.4	7.1	12.8	7.1	 	8.3	6.4	 	6.65	4.7	5.3	3.8	23.65	33.6	 	12.8	12.8	 	 	44	 	1	39	38	18.9	1.9	1.3	8.2	8.25	12	9.3	59.5
2001	0	0	1	0	1	0	1	3	12/14/2001	SK257	274	1	0	3	21.1	8.15	13.85	7.7	 	9.2	7.5	 	6.8	3.8	4.75	3.45	25.9	33.3	 	15.3	15.3	 	 	51	 	2.5	43.5	41	23	2	1.3	8.2	8.45	12.25	7.1	65.5
2001	0	0	1	0	0	0	0	3	12/14/2001	SK260	275	1	0	5	20	7.1	11.1	7.7	 	7.9	7.1	 	6	4.3	4.8	3.9	25.1	32.6	 	14.9	14.9	 	 	48.5	 	3.5	41	37.5	20.8	2.1	1.5	9.3	8.8	12.6	9.2	63.5
2001	0	0	1	0	0	0	0	3	12/14/2001	SK264	278	1	1	 	18.6	7.5	13.3	8	 	9	7.2	 	7	4.4	4.9	3.5	27	35.2	 	14.3	14.3	 	 	47.5	 	2	39	37	22.1	1.9	1.4	9.8	8.2	13.1	10.1	63
2001	0	0	1	0	0	0	0	3	12/14/2001	SK268	279	1	 	 	20	7.2	12.7	7	 	8.7	6.4	 	5.3	4.45	5.15	3.8	24	32.2	 	13.5	13.5	 	 	44	 	1.5	36.5	35	21	1.7	1.2	8.85	8	12	7.05	60
2001	0	0	1	0	0	0	0	3	12/15/2001	SK261	282	-1	 	 	19.2	7.45	13.3	7.3	 	8.7	7.35	 	6.3	4.1	4.95	3.8	26	33.5	 	13.6	13.6	 	 	48	 	6	41	35	20.8	1.9	1.25	9	8.1	12.8	9.2	64
2001	0	0	1	0	0	0	0	3	12/15/2001	SK262	285	-1	1	 	18	7.1	11.4	6.5	 	8	6.4	 	6.8	4	4.85	3.7	26	33	 	12.8	12.8	 	 	49	 	1	38	37	20.6	1.9	1.25	9	8.15	12.15	8.9	63
2001	0	0	1	0	0	0	0	3	12/15/2001	SK276	286	-1	 	 	20.2	7.1	13.1	7.5	 	8.3	6.5	 	6.1	3.6	5	3.5	24.9	31.1	 	13.4	13.4	 	 	49.5	 	2	39	37	20.1	1.9	1.25	7.9	8.1	12.15	8.5	63.5
2001	0	0	1	0	0	0	0	3	12/15/2001	SK272	287	-1	0	3	21	7.5	11.4	7.15	 	8	6.5	 	6.2	3.8	5.8	4	25.6	34.6	 	13.9	13.9	 	 	49.5	 	4	40	36	21.1	1.95	1.3	9	7.6	12.15	8.5	64.5
2001	0	0	1	0	1	0	1	3	12/15/2001	SK278	288	-1	0	4	18	7.9	13.1	7.6	 	8.4	7.45	 	6.65	3.85	5.1	3.2	24.9	32.6	 	14.4	14.4	 	 	50	 	1.5	42	40.5	21.6	2.1	2	9.2	8.4	11.6	8.1	66.5
2001	0	0	1	0	0	0	0	3	12/15/2001	SK277	289	-1	 	 	19.5	7.5	14.1	7.7	 	8.45	7	 	7	3.9	5.2	3.6	26.9	34.7	 	 	 	 	 	48	 	5	40	35	22.1	1.9	1.3	8.85	8.8	13.5	8.6	63.5
2001	0	0	1	0	0	0	0	3	12/15/2001	SK279	290	-1	0	1	17.9	7.4	13	7.9	 	8.4	7	 	6.6	4.1	5.7	3.9	24.7	33.6	 	14	14	 	 	45.5	 	4	40	36	19.9	1.8	1.5	8.85	8.1	12.4	8.6	63
2001	0	0	1	0	0	0	0	3	12/15/2001	SK274	292	-1	0	0	19.4	7.6	13	7.15	 	7.65	6.9	 	6.4	4.6	4.55	3.75	25.1	32.9	 	13.6	13.6	 	 	46.5	 	1	40	39	20.65	2.1	1.3	8.8	8.2	12.15	9	61.5
2001	0	0	1	0	1	0	1	3	12/15/2001	SK280	293	-1	0	5	20.5	7.35	13.3	7	 	8.15	6.8	 	5.8	3.65	5.1	3.6	23.9	32.5	 	13.8	13.8	 	 	49	 	1.5	41	39.5	22.1	1.9	1.3	7.9	7.9	12.2	7.6	65
2001	0	0	1	0	0	0	0	3	12/15/2001	SK271	294	-1	0	4	21.25	7.5	12	7	 	8.15	6.5	 	6.9	3.5	4.15	3	25.9	32.2	 	13	13	 	 	48	 	2.5	39	36.5	18.85	2	1.4	9.1	8	12.2	8.45	63.5
2001	0	0	1	1	0	0	1	3	12/17/2001	SK275	295	-1	0	4	19.8	7.55	12.7	7.2	 	8.15	7.15	 	7.1	4.3	4.45	3.8	26.1	31.1	 	12.9	12.9	 	 	49	 	2.5	41.5	39	21.25	1.9	1.4	9.45	8.25	12.3	8.8	64
2001	0	0	1	0	0	0	0	3	12/17/2001	SK281	297	-1	0	5	21.2	7.7	14.3	7.5	 	9.2	7.1	 	7.15	5	5.4	3.7	27	36.1	 	14.8	14.8	 	 	50	 	5	38	33	21	2.2	1.5	8.9	9	13.4	9.6	66
2001	0	0	1	0	0	0	0	3	12/17/2001	SK289	298	-1	0	2.5	18.2	7.75	12.7	7.01	 	8	7.1	 	7	4.35	4.9	3.65	25.9	34	 	12.8	12.8	 	 	50	 	3	41	38	23	2	1.2	8.8	8.6	12.75	9.4	66
2001	0	0	1	0	0	0	0	3	12/17/2001	SK283	301	-1	0	5	19.45	7.85	12.1	7.9	 	7.95	7.15	 	7.1	4.35	5.8	3.75	26.1	32.7	 	13.8	13.8	 	 	49	 	2	41	39	21.3	2	1.4	8.8	8.2	12.55	9.1	67
2001	0	0	1	0	0	0	0	3	12/17/2001	SK286	303	-1	0	4	20	7.2	12	7.2	 	7.9	6.8	 	7	3.5	4.2	3.7	23.1	31	 	13.2	13.2	 	 	47.5	 	2	41	39	20.9	2	1.2	8.1	8.4	11	8.8	64
2001	0	0	1	0	0	0	0	3	12/17/2001	SK284	304	-1	1	 	19.1	7.1	13.3	7.4	 	7.9	7	 	6.3	4.3	4.65	4.1	24.4	33	 	13.6	13.6	 	 	46	 	1	36	35	19.8	2	1.2	8.3	8	11.9	8.5	60
2001	0	0	1	0	0	0	0	3	12/17/2001	SK288	305	-1	0	4	19.4	7	11.3	7.2	 	7.55	6.6	 	6	3.7	4.6	4.1	23.8	32	 	13	13	 	 	48	 	2	40	38	20.7	2	1.5	9.5	6.9	11.1	8	63
2001	0	0	1	1	0	0	1	3	12/17/2001	SK291	306	-1	0	5	19.4	7.55	12.45	7.15	 	8.1	6.8	 	5.8	2.3	4.4	3.7	25	33.1	 	13.7	13.7	 	 	48	 	3	42	39	20.9	2	1.3	9.25	8.5	13	9.65	63
2001	0	0	1	1	0	0	1	3	12/17/2001	SK299	308	-1	 	 	19.2	7.4	12.2	6.3	 	7.8	6.3	 	6.7	5.9	4.1	3.5	26	33.9	 	11.8	11.8	 	 	41.5	 	2	38	36	20.2	2	1.15	8.1	8.65	13.65	9.6	58
2001	0	0	1	0	0	0	0	3	12/17/2001	SK293	309	-1	1	 	19.1	7.7	12	7.65	 	8.2	7.15	 	6.25	3.8	4.5	3.6	26	33.5	 	12.8	12.8	 	 	47	 	2	38.5	36.5	21.5	1.8	1.3	8.6	8	12.9	8.8	63
2001	0	0	1	1	0	0	1	3	12/17/2001	SK295	310	-1	0	3.5	17.9	7.5	12.6	7.1	 	8.1	7.1	 	7.1	4.1	4.4	3.75	25.7	33.9	 	12.7	12.7	 	 	48.5	 	1.5	40	38.5	19.6	1.9	1.5	9	8.7	13.1	8.9	63
2001	0	0	1	1	0	0	1	3	12/18/2001	SK82	315	1	0	4	20	7.4	12.6	7.25	 	8.35	7	 	6.15	3.8	4.95	3.25	27.9	35.3	 	13.7	13.7	 	 	50	 	3	41	38	21.35	1.7	1.35	9.4	8.55	13.15	9.7	65
2001	0	0	1	1	0	0	1	3	12/18/2001	SK107	316	1	0	5	20.25	8.2	12.7	7.6	 	9.6	7.25	 	6.7	3.7	5	3.8	26.7	34.3	 	14.4	14.4	 	 	49	 	1	40	39	20.3	2	1.35	8.6	8.9	13.2	10.4	64
2001	0	0	1	0	0	0	0	3	12/18/2001	SK308	319	1	1	 	20.5	7.55	12.8	7.6	 	8.45	7	 	5.65	3.7	3.5	3.15	23.6	28	 	12.4	12.4	 	 	48	 	1.5	39.5	38	19.3	2	1.4	7.8	8.1	12	8.4	63
2001	0	0	1	0	0	0	0	3	12/18/2001	SK302	320	1	1	 	18.6	7.6	11.8	6.8	 	8.15	6.6	 	6.2	3.2	4.75	3.75	25	33.2	 	14.1	14.1	 	 	46	 	2.5	40.5	38	20.5	1.9	1.2	8.2	9.15	11.8	8.85	62
2001	0	0	1	1	0	0	1	3	12/18/2001	P65	321	1	0	5	19.7	7.3	13.25	7.15	 	8.6	7	 	5.9	3.95	5	3.5	26	32.75	 	14.4	14.4	 	 	51.5	 	3	42	39	20	1.7	1.3	8.4	7.85	12.9	8.8	65.5
2001	0	0	1	1	0	0	1	3	12/18/2001	SK304	323	1	0	5	20.6	7.9	14.1	8.15	 	8.9	7.3	 	6.85	3.75	5.4	3.3	27	34.7	 	15.1	15.1	 	 	48	 	2	39	37	21.1	2.1	1.35	8.8	8.8	13.4	9.7	61.5
2001	0	0	1	0	0	0	0	3	12/18/2001	SK307	327	1	1	 	19.5	7.1	11	6.75	 	7.3	6.5	 	7.8	3.75	4.9	3.5	24	31.9	 	12.3	12.3	 	 	47.5	 	.5	38	37.5	19.25	2	1.3	8.85	8	12	8.85	63
2001	0	0	1	0	0	0	0	3	12/18/2001	SK319	329	1	0	4	19.8	7.4	12.25	7.55	 	8.7	6.95	 	6.65	4.6	4.65	3.55	25	32.45	 	13.2	13.2	 	 	47	 	3	40	37	20.35	1.85	1.25	8.9	8.95	12.3	9.25	61
2001	0	0	1	0	0	0	0	3	12/18/2001	SK314	331	1	0	5	19.6	7.35	11.5	7.3	 	8.35	7	 	5.9	3.9	4.7	3.95	24.1	31.4	 	12.7	12.7	 	 	48	 	2.5	40	37.5	20	1.9	1.4	8	7.65	12	8	65
2001	0	0	1	1	0	0	1	3	12/18/2001	SK311	332	1	0	4	18.4	7.6	13.3	7.7	 	8.65	7	 	5.9	3.65	4.65	2.7	24.9	32.3	 	14.8	14.8	 	 	39	 	2.5	39.5	37	20.3	2	1.2	8.8	8	12.6	8.85	63
2001	0	0	1	0	0	0	0	3	12/18/2001	SK312	333	1	0	3.5	19.1	7.6	13	7.4	 	8.9	7.2	 	6.3	3.8	4.8	3.7	25.35	34.15	8.5	14.2	14.2	 	 	46	 	2	41	39	21.9	1.9	1.3	8.6	8.2	12.7	8.6	65
2001	0	0	1	0	0	0	0	3	12/18/2001	SK315	334	1	0	5	19.6	7.85	13	7.1	 	8.8	7.1	 	6.7	3.4	4.2	3.75	26.9	33.7	9	13.3	13.3	 	 	49.5	 	2.5	39	36.5	21	1.95	1.3	9.4	8.8	12.6	9.9	64.5
2001	0	0	1	0	0	0	0	3	12/19/2001	SK316	336	-1	0	5	19.1	7.1	12.15	7.35	 	8	6.65	 	6	3.65	5.2	2.9	23.2	30	10	12.4	12.4	 	 	51	 	2	42	40	19.4	1.5	1.25	8.35	7.65	11.3	8.35	65
2001	0	0	1	0	0	0	0	3	12/19/2001	 	337	-1	 	 	18.5	7.1	12.4	7.2	 	8.15	6.9	 	7	4.4	4.9	4	25.85	34.6	11.5	13	13	 	 	46	 	1	39	38	18.6	2	1.3	8.6	9.5	11.8	9.4	62
2001	0	0	1	0	0	0	0	3	12/19/2001	SK320	339	-1	 	 	18.5	7.1	12.4	7.2	 	8.15	6.9	 	7	4.4	4.9	4	25.85	34.6	11.5	13	13	 	 	46	 	1	39	38	18.6	2	1.3	8.6	9.5	11.8	9.4	62
2001	0	0	1	0	0	0	0	3	12/19/2001	SK324	341	-1	1	 	18.9	7.1	12	7.1	 	8.3	6.65	 	6.9	3.85	4.5	3.75	23.9	32.4	8	12.8	12.8	 	 	44	 	2	37	35	20.1	1.7	1.2	8.2	7.3	12.5	9.6	59
2001	0	0	1	0	0	0	0	3	12/19/2001	SK326	342	-1	0	1	21.25	7	12	7.2	 	7.4	6.45	 	6	3.55	4.7	3.4	26	33.15	13	12.8	12.8	 	 	51	 	2.5	42	39.5	21.1	1.7	1.2	9.2	8.9	12	10.2	65
2001	0	0	1	0	0	0	0	3	12/19/2001	SK321	344	-1	 	 	18.6	7.1	13.25	7.1	 	8.45	6.7	 	7	3.65	4.65	3.85	26.1	33.1	12.5	13	13	 	 	46	 	2	41	39	20.1	2.1	1.25	9.45	8.6	12.15	8.8	65.5
2001	0	0	1	0	0	0	0	3	12/19/2001	SK330	345	-1	0	2	19.5	7.25	14.6	7.5	 	8.25	6.7	 	6.3	3.7	4.95	3.7	24.9	33	11.5	12.8	12.8	 	 	48	 	2	40	38	20.7	1.7	1.2	8.7	8.4	12	7.85	63.5
2001	0	0	1	1	0	0	1	3	12/19/2001	SK328	347	-1	0	.5	20	7.4	13.45	7.2	 	8.45	6.5	 	6	4.2	5	3.8	26.1	32.8	10	13.7	13.7	 	 	46	 	1	40	39	20.7	2	1.3	9.25	9.4	13	9.9	62
2001	0	0	1	0	0	0	0	3	12/19/2001	SK327	348	-1	0	2	19.75	7.3	12	7.2	 	7.85	6.8	 	5	3.8	4.1	3.1	25.3	31.8	10	13.7	13.7	 	 	50	 	0	40	40	21.9	1.85	1.3	8.75	8.7	12.3	8.9	66
2001	0	0	1	0	0	0	0	3	12/19/2001	SK340	350	-1	1	 	18.3	7.1	12.9	7.2	 	8.3	6.5	 	6.6	4.05	5.1	3.85	26.1	35	11	14.7	14.7	 	 	46	 	2	38.5	36.5	19.9	2	1.2	8.75	8.45	12.4	8.45	60.05
2001	0	0	1	0	0	0	0	3	12/21/2001	SK349	351	-1	0	1	19.4	7.1	11.7	7.2	 	7.65	6.7	 	5.5	3.75	5	3	25.85	32.9	9	12.2	12.2	 	 	49.5	 	.5	38.5	38	20.8	1.8	1.3	8.35	8.45	12.3	8.6	64
2001	0	0	1	0	0	0	0	3	12/21/2001	SK332	352	-1	0	5	19.25	7.9	13.4	7.9	 	8.8	7.5	 	6.1	3.9	5.5	3.9	25.75	33.9	8.5	12.9	12.9	 	 	49	 	1	40.5	39.5	20.7	1.9	1.3	8.45	8.8	12.55	9.2	63.5
2001	0	0	1	0	0	0	0	3	12/21/2001	SK338	354	-1	0	4	19.7	7.1	13.2	7.2	 	8.2	6.6	 	6.7	3.75	4.9	2.7	23.65	31.9	13	12.3	12.3	 	 	49	 	1.5	40.5	39	20.7	1.85	1.45	9.5	7.8	10.5	8.1	66
2001	0	0	1	0	0	0	0	3	12/21/2001	SK333	355	-1	1	 	17.7	7.3	13.25	7.8	 	8.9	6.85	 	6.8	3.9	5	1.8	25.6	35	12	11.9	11.9	 	 	46	 	1.5	37.5	36	21.3	1.6	1.45	8.8	7.75	12.75	10.75	60.5
2001	0	0	1	0	0	0	0	3	12/21/2001	SK334	356	-1	0	5	21.85	7.75	13.1	7.15	 	9.2	7.3	 	6.1	4.1	5.6	3.95	26.5	34.4	8	13.8	13.8	 	 	48.5	 	3	40	37	21.6	2	1.6	9.3	8.3	13	9.2	62.5
2001	0	0	1	0	0	0	0	3	12/21/2001	SK335	357	-1	1	 	19.35	7	12.7	7	 	8.3	6.9	 	6	3.8	4.5	3.75	25.3	34	8	12.2	12.2	 	 	48.5	 	.5	37.5	37	19.3	1.9	1.35	8.5	8.45	12.15	9	62
2001	0	0	1	0	0	0	0	3	12/21/2001	SK339	358	-1	1	 	18.2	6.9	12.85	7	 	8.2	6.55	 	6	3.5	4.4	3.2	26.5	32.8	7	12.2	12.2	 	 	41.5	 	1	38	37	20	1.85	1.3	8.85	7.25	12.3	8.7	60
2001	0	0	1	0	1	0	1	3	12/21/2001	SK337	359	-1	0	5	21.1	7.25	12.2	7.2	 	8.05	6.8	 	5.3	3.75	4.3	4	25.7	33	13	14.6	14.6	 	 	51	 	1.5	41	39.5	18.85	1.6	1.1	8.8	8.3	12	8.7	65
2001	0	0	1	0	0	0	0	3	12/21/2001	SK331	360	-1	1	 	18.9	7	11.75	7	 	7.75	6.4	 	5.4	3.65	4.6	3.1	25.9	32	10.5	13	13	 	 	49	 	1	39	38	21.6	1.9	1.3	8.75	8.3	12.2	8.6	64.5
2001	0	0	1	0	0	0	0	3	12/22/2001	SK344	365	1	1	 	20.35	7.1	11.6	7.15	 	8.4	6.65	 	6.2	3.8	5	3.1	24.8	33.2	10	12.3	12.3	 	 	47	 	2.5	37.5	35	18.2	1.7	1.15	7.9	8	12.1	8.1	63
2001	0	0	1	0	0	0	0	3	12/22/2001	SK350	366	1	0	4	21.25	7.35	12.2	7.95	 	8.25	7.4	 	7	4.45	4.75	4.2	26.8	33.9	10	15.1	15.1	 	 	49	 	3	41	38	18.4	1.8	1.3	9.7	9.15	13.2	8.95	66.5
2001	0	0	1	0	0	0	0	3	12/22/2001	SK343	367	1	 	 	21.1	7.15	14.1	7.9	 	8.7	7	 	5.9	3.65	3.8	2.8	26.35	34.7	9.5	15.4	15.4	 	 	48	 	1.5	39	37.5	19	1.8	1.4	8.7	8.1	13	9	64.5
2001	0	0	1	1	0	0	1	3	12/22/2001	SK82	368	1	0	4	20.1	7.2	12.4	7.4	 	8.4	6.9	 	6.8	3.7	4.9	3.8	26.7	36.1	12	13.8	13.8	 	 	49	 	2.5	41	38.5	18.4	1.8	1.3	8.9	7.4	12.75	8.4	64
2002	0	0	0	1	0	0	0	4	1/9/2002	SK346	369	1	0	5	19.5	7.75	13.4	7.9	 	9.6	7.2	 	 	 	 	 	 	 	10	15.5	15.5	 	 	49.5	 	2	39.5	37.5	19.3	1.85	1.4	 	 	 	 	65.5
2002	0	0	0	1	0	0	0	4	1/9/2002	SK348	370	1	0	5	20.8	7.2	13.4	7.3	 	8.75	6.7	 	5.8	4.25	4.9	3.55	26.5	33.6	11.5	13	13	 	 	49.5	 	1	42	41	17.45	2	1.25	8.6	7.9	12.1	9.45	64.5
2002	0	0	0	1	0	0	0	4	1/9/2002	SK354	371	1	 	 	20	6.85	13.5	7.35	 	8.9	6.75	 	6.25	3.55	4.7	3.85	25.8	33.6	7	13	13	 	 	25.5	 	1	38	37	19.35	1.85	1.35	8.7	8.5	12.15	8.9	62
2002	0	0	0	1	0	0	0	4	1/9/2002	SK356	373	1	0	4	20.45	6.8	12.2	7.2	 	8.4	6.5	 	6.55	4.1	4.8	3.4	24.35	31.8	12.5	13.7	13.7	 	 	49.5	 	1	41	40	17.1	1.8	1.2	7.9	7.25	11.85	7.4	64.5
2002	0	0	0	1	0	0	0	4	1/23/2002	SK353	374	-1	0	5	19.9	7.15	11.9	7.9	 	8.4	7	 	6.6	3.15	3.95	2.9	24.7	33.75	9.5	12.9	12.9	 	 	48.5	 	2.5	38.5	36	18.5	1.8	1.2	8.95	7.9	11.65	9.45	63.5
2002	0	0	0	1	0	0	0	4	1/31/2002	SK357	382	1	1	 	18.85	7.1	13.3	7.75	 	8.7	6.4	 	6.9	3.85	5.15	3.1	24.65	32.2	9	13.7	13.7	 	 	47	 	1.5	38.5	37	18.35	1.9	1.4	9.25	8.3	11.55	7.9	64
2002	0	0	0	1	1	0	1	4	1/31/2002	SK105	383	1	0	5	21.2	7.3	12.9	8.3	 	9	6.9	 	6.5	4.8	5.8	3.8	25.6	34.6	10	14.2	14.2	 	 	50	 	1	41	40	19.1	2.2	1.3	8.6	9	11.9	9.15	66
2002	0	0	0	1	0	0	0	4	1/31/2002	SK359	384	1	 	 	19.25	6.8	12.3	7	 	7.4	6.1	 	6.3	3.8	4.5	2.15	24.7	32.8	7	12.5	12.5	 	 	44	 	3	36	33	17	1.85	1.3	8	7.6	11.1	7.7	60
2002	0	0	0	1	0	0	0	4	1/31/2002	SK3522	387	1	0	5	19.6	7.35	12.8	7.8	 	8.7	6.9	 	4.4	3.75	4.9	3.2	26.15	34.8	7.5	13.7	13.7	 	 	45.5	 	1	38	37	17.8	1.7	1.4	8.35	9	12.2	9.3	62
2002	0	0	0	1	0	0	0	4	2/1/2002	SK366	390	1	1	 	18.4	7	12.4	6.7	 	7.8	6.25	 	6.2	3.75	4.55	3.55	24	30.15	9.5	15.8	15.8	 	 	47.5	 	1	37	36	17.7	1.8	1.25	8	7.5	11.4	7.7	59.5
2002	0	0	0	1	0	0	0	4	2/1/2002	SK365	391	1	1	 	17.8	7	12.8	7.9	 	8.5	6.75	 	6.25	4	4.9	3.9	25.9	34.1	11	 	 	 	 	46	 	3.5	37	33.5	16.8	1.8	1.35	8.75	8	12.4	8.5	61
2002	0	0	0	1	0	0	0	4	2/1/2002	SK368	393	1	0	.5	20.3	8.1	13.1	7.8	 	8.2	7.15	 	 	 	 	 	 	 	10	13.9	13.9	 	 	48.5	 	3	40	37	19.55	1.8	1.5	 	 	 	 	64.5
2002	0	0	0	1	0	0	0	4	2/1/2002	SK364	398	1	0	.5	18.9	7.5	12.3	7.75	 	8.4	6.7	 	6.2	4.1	4.65	3.55	24.85	32.75	8	13.2	13.2	 	 	47.5	 	1.5	40	38.5	18	2	1.4	8.2	8.1	11.4	7.95	62
2002	0	0	0	1	0	0	0	4	2/1/2002	SK380	399	1	 	 	20.85	7.3	14.75	7.6	 	9.6	6.9	 	6.2	3.9	4.45	3.6	25.8	33.65	8.5	13.7	13.7	 	 	46.5	 	1.5	37.5	36	18.7	1.8	1.4	8.3	7.5	12.45	8	62
2002	0	0	0	1	0	0	0	4	2/1/2002	SK376	400	1	 	 	18.4	7.4	12.8	7.85	 	8.1	6.9	 	6.1	4.6	4.85	3.4	24.4	32.3	7.5	13.2	13.2	 	 	44	 	1	37	36	17	1.7	1.4	8.2	8.2	12	9.7	59.5
2002	0	0	0	1	0	0	0	4	2/4/2002	SK379	404	1	 	 	21.25	7.5	13.2	8.05	 	8.65	6.8	 	6.15	3.8	5	3.55	26	34.7	11.5	13.4	13.4	 	 	48	 	1	40	39	19.4	1.9	1.35	7.85	9.45	12.3	10	65.5
2002	0	0	0	1	1	0	1	4	2/4/2002	P40	405	1	0	5	21	7.9	12.65	6.5	 	10.7	7.7	 	6.3	3.85	4.85	3.9	25.8	32.9	11.5	12.9	12.9	 	 	49	 	1.5	39	37.5	20	1.8	1.3	8.95	8.35	12	9	64
2002	0	0	0	1	0	0	0	4	2/4/2002	SK373	408	1	 	 	19.9	6.9	12.6	7.85	 	8.55	7	 	7	4.15	4.65	3	26.5	34	6	14.5	14.5	 	 	43	 	1.5	37.5	36	18.75	1.8	1.2	8.3	7	11.65	8.4	58
2002	0	0	0	1	0	0	0	4	2/5/2002	SK383	414	-1	 	 	21.65	7.3	13.3	7.55	 	9.1	7.1	 	6.65	3.2	4.4	3.75	26.55	34	9	13.5	13.5	 	 	49	 	1	40	39	18.3	1.9	1.2	8.6	8.2	12.1	9.3	65
2002	0	0	0	1	0	0	0	4	2/7/2002	SK387	417	1	 	 	19.9	7.1	12.7	7.05	 	8.6	6.5	 	6.75	4.2	5.65	4.1	27	35	10	14.3	14.3	 	 	48	 	1	37	36	19.7	2.1	1.3	9.55	8.15	13.15	9.8	62.5
2002	0	0	0	1	0	1	1	4	2/7/2002	SK384	418	1	 	 	19.8	7.5	12.3	7.55	 	9	6.8	 	6.55	4.35	5.5	4.35	24.9	33	7	13.7	13.7	 	 	47	 	1	37.5	36.5	18.8	2.1	1.3	9.15	7.95	11.7	8.7	61.5
2002	0	0	0	1	0	0	0	4	2/14/2002	SK400	431	-1	0	5	19.7	7.3	13.15	8	 	8.45	6.4	 	5.6	3.5	5	3.65	26.1	33.15	11	14.2	14.2	 	 	48.5	 	2	41	39	19.3	1.8	1.35	9.1	9.5	13.2	10.2	64.5
2002	0	0	0	1	0	0	0	4	2/14/2002	SK392	433	-1	0	5	19.25	7.25	11.7	7.5	 	8.15	6.8	 	6.4	3.3	5	3.7	26.1	32.7	11	13.8	13.8	 	 	46.5	 	.5	38.5	38	18.5	1.8	1.25	9.25	8.65	12.9	9.4	61.5
2002	0	0	0	1	1	0	1	4	2/16/2002	266	437	1	0	5	19.85	7.3	11.8	7.55	 	7.75	6.65	 	5	3.75	4.5	3.8	24.3	32.9	8	12.7	12.7	 	 	49	 	1	40.5	39.5	17.55	1.6	1.25	8.1	7.8	11.45	8.35	64.5
2002	0	0	0	1	1	0	1	4	2/16/2002	33	445	1	0	5	19.6	7.8	13.5	8.3	 	9.3	7.1	 	7	3.95	5	4.1	26.75	34.4	10	14.3	14.3	 	 	49.5	 	1	39	38	19.15	1.9	1.6	9	8.3	12.6	8.7	64.5
2002	0	0	0	1	0	1	1	4	2/18/2002	SK401	449	1	1	 	21	6.85	12.3	7.2	 	8.6	6.1	 	6.5	3.8	4.7	3.65	23.2	32.1	10.5	13.4	13.4	 	 	50	 	2.5	38.5	36	18.1	1.6	1.25	7.75	7.3	11.7	8.35	64
2002	0	0	0	1	1	0	1	4	2/18/2002	243	450	1	0	5	20.1	7.1	12.9	8.1	 	8.9	6.8	 	6.55	4.6	5.15	4.55	25.9	33.9	11	13.9	13.9	 	 	50	 	2	40	38	18.7	1.8	1.25	9.5	8.65	12.9	9.3	66
2002	0	0	0	1	0	0	0	4	2/18/2002	SK415	454	1	1	 	21.5	6.8	13.3	7.1	 	8.55	6.4	 	7.9	4.9	6.1	4.4	26.9	35	11	14.5	14.5	 	 	47	 	2	36	34	18.45	1.8	1.35	8.3	8.4	13	10	61
2002	0	0	0	1	0	0	0	4	2/18/2002	SK414	459	1	0	5	19.45	7.3	12.4	7	 	7.7	6.6	 	7.4	3.65	4.9	3.35	23.15	32.5	8	13.5	13.5	 	 	48	 	 	 	 	17	1.75	1.3	7.9	8	11.45	7.4	60.5
2002	0	0	0	1	0	0	0	4	2/18/2002	SK418	460	1	0	5	20.7	7.7	15.2	8.3	 	9.4	7.15	 	6	4.15	4.9	3.8	27.5	35.85	9	15.9	15.9	 	 	50.5	 	2	41.5	39.5	18.75	1.8	1.35	8.9	8.9	13.15	10.6	66
2002	0	0	0	1	0	0	0	4	2/20/2002	SK417	466	1	1	 	19.8	7.8	14.2	7.6	 	9.1	6.4	 	6.4	4.15	5.4	2.9	27.05	35.9	8	15	15	 	 	46.5	49	1	37	36	18.6	1.95	1.2	8.3	8.7	13.05	8.25	62
2002	0	0	0	1	1	0	1	4	2/20/2002	P65	467	1	0	5	 	 	 	 	 	 	 	 	 	 	 	 	 	 	 	 	 	 	 	 	 	 	 	 	 	 	 	 	 	 	 	 
2002	0	0	0	1	0	0	0	4	2/20/2002	SK421	468	1	1	 	19	7.4	13.3	7	 	7.9	6.4	 	5.9	4.15	4.85	4	23.9	31.9	8.5	13.7	13.7	 	 	46.5	48.5	1	39	38	18	1.7	1.4	7.9	7.5	11.6	8.3	61.5
2002	0	0	0	1	0	0	0	4	2/20/2002	SK427	470	1	0	5	17	7.2	13.2	7.05	 	8	6.3	 	5.9	3.7	4.9	3.7	25	31.9	8	13.6	13.6	 	 	45.5	47.5	2	38	36	18.35	1.7	1.3	8.95	9.6	12.5	9.45	59
2002	0	0	0	1	0	0	0	4	2/20/2002	SK426	471	1	0	4	19.8	7.7	13	7.1	 	8.2	6.55	 	6.1	3.9	4.65	3.5	26	34.4	7	13.9	13.9	 	 	53	54	3	43	40	18.4	1.9	1.3	8.8	8.35	12.85	10	67
2002	0	0	0	1	0	0	0	4	2/20/2002	SK424	474	1	0	 	23.3	7.35	12.9	7.1	 	8.2	6.85	 	 	 	 	 	 	 	 	 	 	 	 	50.5	53	1	41	40	19.1	1.9	1.25	 	 	 	 	64.5
2002	0	0	0	1	0	0	0	4	2/21/2002	SK428	476	-1	 	 	19.6	7.75	14.6	7.2	 	9.6	6.7	 	6.3	3.9	5.1	3.9	25.8	32.9	8	14.1	14.1	 	 	47	47	2	37	35	17.2	1.9	1.3	8.85	8.3	12.6	9.7	60
2002	0	0	0	1	0	0	0	4	2/21/2002	SK431	477	-1	1	 	19.15	7.4	13.7	8.3	 	8.4	6.85	 	6.2	3.8	5.2	4.1	25	32.9	9.5	14.4	14.4	 	 	48	49.5	1.5	38.5	37	17.2	1.95	1.45	8.4	8.15	11.9	9	62
2002	0	0	0	1	0	0	0	4	2/21/2002	SK438	478	-1	0	3	19.3	7.2	13.8	7.6	 	8.1	6.75	 	6.95	4.2	5	3.9	25.85	33.7	11	13.2	13.2	 	 	48	48.5	1.5	39	37.5	18.25	1.9	1.2	8.85	8.15	12.55	9.15	64
2002	0	0	0	1	0	0	0	4	2/21/2002	SK434	479	-1	0	5	19.15	7.4	13.25	8	 	8.5	6.95	 	6.1	3.95	5.55	4.1	26.6	34.9	7.5	13.7	13.7	 	 	47	49	1	38	37	18.5	2	1.6	9.55	8.85	12.75	9.4	62
2002	0	0	0	1	0	0	0	4	2/21/2002	SK440	480	-1	0	5	21	7.4	14.1	7.7	 	8.45	6.55	 	2.5	4.6	4.9	4.35	24.7	30.75	8	13.4	13.4	 	 	48.5	49.5	2.5	40	37.5	17.8	1.95	1.2	8.7	7.1	11.9	9.3	64.5
2002	0	0	0	1	0	0	0	4	2/21/2002	SK437	481	-1	1	 	20.75	7.85	14.9	8.1	 	8.1	6.8	 	6	4.6	4.5	4	26.9	36	9	14.7	14.7	 	 	49.5	50.5	2	40	38	18.35	1.95	1.4	9	9.5	13.25	9.6	64.5
2002	0	0	0	1	0	0	0	4	2/21/2002	SK433	483	-1	1	 	19.5	7.15	13.95	7.2	 	8.3	6.3	 	6.7	4.2	4.6	1.2	23.9	32.3	6.5	12.8	12.8	 	 	49	50	3	40	37	17.3	2.2	1.2	7.9	8	11.65	8.4	63
2002	0	0	0	1	0	0	0	4	2/21/2002	SK435	484	-1	0	5	20.1	7.35	12.8	7.9	 	9.1	7.4	 	6.3	4.1	5.2	3.7	26.3	35.9	11.5	14.5	14.5	 	 	49	51	2	40.5	38.5	20.4	2.1	1.45	9.1	8.45	12.65	9.3	65
2002	0	0	0	1	0	0	0	4	2/21/2002	SK450	487	-1	0	5	18.35	7.8	12.6	7.1	 	8.35	6.85	 	6.8	2.2	5.8	3.8	27.4	36	9	14.4	14.4	 	 	48	49.5	1.5	40	38.5	19.6	2	1.35	9.5	9.8	13.2	9.4	64
2002	0	0	0	1	1	0	1	4	2/22/2002	SK444	488	1	1	 	18.75	7.1	13.2	7.4	 	8.65	6.5	 	5.75	3.5	4	3.1	22.7	30.8	6.5	17.2	17.2	 	 	48	49	2.5	39.5	37	17.9	1.9	1.35	7.95	7.9	10.2	8	63
2002	0	0	0	1	0	0	0	4	2/22/2002	SK447	489	1	0	5	20	7.4	12.7	7.3	 	8	6.45	 	5.8	3.8	4.85	3.7	25.8	33.85	9.5	13.3	13.3	 	 	50	50.5	3	41	38	19.05	1.75	1.25	8.85	8.5	12.7	9	64.5
2002	0	0	0	1	0	0	0	4	2/26/2002	SK445	491	-1	1	 	19.3	7.1	12	7.5	 	7.9	6.6	 	6	3.3	5.25	3.85	25.7	33.5	9.5	14.7	14.7	 	 	46.5	48	2	36.5	34.5	17.6	2.1	1.5	8.1	8.25	11.8	8.6	61
2002	0	0	0	1	0	0	0	4	2/26/2002	SK443	492	-1	0	5	21.5	7.6	12.8	8	 	8.6	6.85	 	7.3	3.9	5.25	4.5	26.7	35.8	10	14.3	14.3	 	 	48.5	52.5	1.5	41.5	40	20.5	2	1.35	8.6	9	13.6	9.85	67
2002	0	0	0	1	0	0	0	4	2/26/2002	SK441	493	-1	1	 	19.25	7.1	13.5	7.2	 	7.8	6.4	 	6.95	3.95	5.5	3.8	23.45	33.4	10	12.6	12.6	 	 	48	50	3	39	36	16	1.8	1.35	7.6	7.55	11.65	8.35	61.5
2002	0	0	0	1	0	0	0	4	2/26/2002	SK448	494	-1	0	5	19	7.3	13.2	8.5	 	8.3	6.7	 	6.6	4.3	5.3	3.5	26.4	33.9	8	12.4	12.4	 	 	49.5	51.5	1.5	40	38.5	18.8	1.75	1.3	9.3	8.5	12.7	9	64.5
2002	0	0	0	1	0	0	0	4	2/26/2002	SK430	497	-1	1	 	19.25	7.15	13.9	7	 	8.9	6.45	 	6.45	3.3	6	3.2	24	32.9	7	13.4	13.4	 	 	47	50	1	37	36	17.9	1.9	1.3	8.35	8.2	11.7	8.7	61.5
2002	0	0	0	1	0	0	0	4	2/26/2002	SK439	498	-1	1	 	19.2	6.65	12.6	7.15	 	7.85	6.5	 	6.2	3.6	5	3.55	25	34.9	8	14	14	 	 	48	49.5	1	37	36	18	2	1.35	8.1	8.8	12.7	9.6	61.5
2002	0	0	0	1	0	0	0	4	2/26/2002	SK453	499	-1	0	4	22.2	7.65	13.7	7.4	 	8.25	6.9	 	6.85	3.45	4.8	3.7	26	33.9	9	15	15	 	 	51.5	52.5	.5	40.5	40	18.4	1.95	1.5	8.75	9.85	12.35	9.7	65.5
2002	0	0	0	1	0	0	0	4	2/28/2002	SK456	503	1	0	5	19.15	7	13	7.2	 	8.75	6.7	 	6.1	4.65	5.6	3.8	27.1	33.9	8.5	15.3	15.3	 	 	50	51.5	3	41	38	19.9	1.6	1.3	9.65	7.6	13	8.85	66.5
2002	0	0	0	1	1	0	1	4	3/1/2002	P33	507	1	0	5	19.3	7.9	14.8	7.4	 	8.85	7	 	6.8	4.2	5.3	3.45	20.05	34.8	10	14.3	14.3	 	 	49.5	50.5	2	39	37	19.7	1.8	1.3	9.25	9	13	9.35	65
2002	0	0	0	1	0	0	0	4	3/1/2002	SK460	508	1	1	 	20.25	7.2	11.7	6.7	 	8.2	6.1	 	6.1	4.35	5.1	4	26.6	34.25	8	15.4	15.4	 	 	49	49	2	38	36	18.75	1.85	1.25	8.4	7.75	13.45	9.4	63
2002	0	0	0	1	0	0	0	4	3/1/2002	SK457	511	1	1	 	18.75	7.2	14.1	7.6	 	9	6.7	 	5.75	4.7	5.7	3.85	25.1	32.8	8.5	14.6	14.6	 	 	49	50.5	1.5	39	37.5	17.8	1.8	1.3	8.1	8.35	12.85	8.65	63
2002	0	0	0	1	0	0	0	4	3/14/2002	SK463	517.02	-1	0	5	20.65	7.65	13.3	7.3	 	8.5	6.8	 	 	3.9	5.5	3.9	 	 	10.5	14	14	 	 	52	53	1	40	39	20.8	1.7	1.2	 	9.3	14.2	10.7	68
2002	0	0	0	1	0	0	0	4	3/14/2002	SK465	518.02	-1	0	5	20	7.45	14.2	7.7	 	8.4	6.6	 	5.9	2.7	3.8	 	26.7	33.7	11	12.5	12.5	 	 	50.5	50.5	2	38	36	19.9	1.7	1.2	9.6	7.7	13.25	 	66
2004	0	0	0	0	1	0	0	5	1/21/2004	SK494	519	1	0	5	20	7.7	14.7	8.2	27.7	8	7.1	 	7.5	5.8	5.1	4	25	34.9	9	15.4	15.4	 	47	50	50	1.5	41	39.5	19.85	1.8	1.35	10.1	7.8	12.7	10.4	64
2002	0	0	0	1	0	0	0	4	3/14/2002	SK467	520.02	-1	0	5	20.85	7.7	13	7.45	 	8.45	6.7	 	6.3	3.85	5	3.7	26.2	33.8	10	14.5	14.5	 	 	49	49.5	2.5	38.5	36	18.65	2.1	1.3	8.55	8.75	12	9.1	64
2002	0	0	0	1	0	0	0	4	3/14/2002	SK479	522.02	-1	0	5	21.6	7.55	13.2	7.8	 	8.85	6.9	 	5.8	4.7	5.2	3.8	26	35.9	11	15.2	15.2	 	 	52	52.5	3	42	39	18.2	1.8	1.4	9.15	8.6	13.25	10.2	66.5
2002	0	0	0	1	1	0	1	4	3/14/2002	SK119	525.02	-1	0	5	20.1	8	14	7.45	 	8.5	7.1	 	7	3.55	4.5	3.9	26.8	33.5	8	13.4	13.4	 	 	51	51.5	3	40	37	19.3	2	1.4	8.8	7	12.2	9.5	66
2002	0	0	0	1	0	0	0	4	3/14/2002	SK477	526.02	-1	1	 	19.45	7.55	14.7	7.5	 	9.4	6.5	 	6.2	4.2	5.4	3.35	26.8	34.2	7.5	13.6	13.6	 	 	49.5	50.5	3.5	40	36.5	18	1.9	1.4	8.25	9	13	9.7	65
2002	0	0	0	1	0	0	0	4	3/14/2002	SK478	528.02	-1	0	5	20.5	7.9	14.1	8.6	 	8.25	6.9	 	6.3	3.8	 	 	 	 	7.5	15.2	15.2	 	 	50.5	51.5	1.5	38	36.5	19.7	2	1.4	8.6	8.3	 	 	65
2002	0	0	0	1	0	0	0	4	3/14/2002	SK473	529.02	-1	1	 	18.65	7.9	13.65	7.65	 	7.85	6.75	 	7	3.9	4.6	4	26.1	34	7	14.9	14.9	 	 	46.5	47.5	3	37	34	18.45	1.95	1.5	8.55	7.5	12.7	10.75	59.5
2002	0	0	0	1	0	0	0	4	3/14/2002	SK471	530.02	-1	0	5	19.3	7.7	13.2	8.1	 	8.35	6.7	 	6	3.9	5.5	4	24.9	32.7	6	13.7	13.7	 	 	52	53	5.5	42	36.5	18.4	1.8	1.3	8.3	8.2	12	8.6	63.5
2002	0	0	0	1	0	0	0	4	3/14/2002	SK475	531.02	-1	1	 	18.3	7.25	11.9	7.3	 	7.7	6.4	 	6	3.8	4.3	4.3	24.9	32.8	8	13.9	13.9	 	 	47.5	48.5	7	38	31	17.1	1.9	1.3	8.65	8.45	11.4	8.4	62
2002	0	0	0	1	0	0	0	4	3/14/2002	SK480	533.02	-1	0	5	18.6	8	14.2	7.7	 	8.5	6.7	 	6.3	3.7	4.8	3.7	23.9	31.7	8	13	13	 	 	49.5	52	2.5	39.5	37	18.7	1.8	1.35	8.5	6.8	10.8	7.25	65
2002	0	0	0	1	0	0	0	4	3/14/2002	SK438	534.02	-1	0	4	19.1	7.3	13.7	8	 	8.4	6.7	 	5.7	3.4	4.7	4.2	25.2	33.35	9	12.5	12.5	 	 	48.5	49	2.5	39	36.5	19.3	1.9	1.3	8.45	8.3	11.8	9	63
2002	0	0	0	1	0	0	0	4	3/14/2002	SK474	535.02	-1	1	 	20.35	7.9	13.7	8	 	9	7	 	6.25	4.3	5.2	3.9	25.4	33.7	9.5	14.9	14.9	 	 	51.5	52	3	39	36	18.4	1.9	1.25	8.6	8.2	12.25	9.8	65
2002	0	0	0	1	0	0	0	4	3/15/2002	SK476	536.02	-1	0	5	20.35	7.6	12.35	7.7	 	8.55	6.85	 	6.6	4.9	6.1	4.1	27.45	36.45	9	15.3	15.3	 	 	51.5	52	2.5	42.5	40	19.3	2	1.3	9.6	8.65	13.1	9.3	66
2004	0	0	0	0	1	0	0	5	1/22/2004	SK511	537	1	0	5	18.45	8.3	14.2	8.4	28	8.7	7.25	 	7.2	3.6	4.4	3.6	25.4	32.6	8	13.5	13.5	 	46	50	51	3	40	37	18.8	2	1.2	9.5	8	13.1	8.8	66
2002	0	0	0	1	0	0	0	4	3/15/2002	SK488	537.02	-1	0	5	21.1	7.65	13.25	7.65	 	8.25	6.55	 	4	4.15	5.25	4.3	27.75	33.4	8.5	13.6	13.6	 	 	51.5	52	1.5	38	36.5	20	1.8	1.3	9.8	7.8	12.6	8.7	66
2004	0	0	0	0	1	0	0	5	1/22/2004	SK501	538	1	0	5	20.15	7.7	13.5	8.5	28.7	9.25	7.2	 	7.5	4	5.1	4.4	25.8	33.7	12	14.7	14.7	 	46.5	50.5	52	2.5	42.5	40	19.5	2.2	1.3	8.1	8.1	12.15	8.4	66
2002	0	0	0	1	0	0	0	4	3/15/2002	SK490	538.02	-1	0	5	20.65	7.6	12	8.2	 	8.45	7.1	 	6	4.2	5.9	3.9	27.3	36.3	9	15.6	15.6	 	 	49.5	50.5	3.5	39.5	36	19.4	1.9	1.4	10.25	9.3	13.2	10.6	65
2002	0	0	0	1	0	0	0	4	3/15/2002	SK489	539.02	-1	0	5	19.2	7.8	13.5	8.4	 	8.35	7.2	 	5.2	4.35	4.9	4	26	33.9	8.5	14.3	14.3	 	 	50	51	.5	38.5	38	19.25	2.1	1.5	9.3	8	12.25	9.35	64
2004	0	0	0	0	1	1	1	5	1/22/2004	SK507	540	1	1	 	19.2	7.45	14.9	7.7	28.3	9.4	6.65	3	4.3	5.6	5.3	3.8	26.85	35.2	7	13.9	13.9	 	46	47	48.5	3	40	37	20.7	2.1	1.15	8.4	8	12.8	9.7	61.5
2004	0	0	0	0	1	0	0	5	1/22/2004	SK503	541	1	1	 	17	7.6	14.5	7.1	28.3	9	6.6	2	5.7	3.7	5.1	4.1	23.9	32.5	7.5	14.8	14.8	 	45	48	49.5	2	37	35	20	1.9	1.15	8.85	7.2	10.8	8	62
2004	0	0	0	0	1	0	0	5	1/22/2004	SK504	542	1	0	5	21.8	7.9	13.35	8.5	27	7.75	7	 	6.85	4.2	4.6	4.2	26.15	34.7	10	15.2	15.2	 	50	50.5	52	1	40	39	20.2	1.8	1.3	8.7	7.2	12	9.6	68
2004	0	0	0	0	1	1	1	5	1/22/2004	SK509	543	1	1	 	17.5	8.3	15	7.95	30	9.35	7.2	3	5.9	4	4.25	4	25.8	32.7	7	15.5	15.5	 	44	47	48	.5	37	36.5	19	1.9	1.2	9.2	9.8	13.7	10.6	61
2002	0	0	0	1	0	0	0	4	3/18/2002	SK481	544.02	-1	1	 	18.45	7	12.7	7.6	 	7.55	6.4	 	4	3.85	5.1	3.5	24.75	32.5	8.5	14.3	14.3	 	 	41	47	 	 	 	18.9	1.8	1.25	7.7	6.4	11.6	8.9	61
2002	0	0	0	1	0	0	0	4	3/18/2002	SK486	545.02	-1	0	4	18.35	7.7	13.7	6.85	 	7.9	6.25	 	6.5	4.2	4.8	4.7	24.65	33.4	8	12.9	12.9	 	 	48	48.5	1.5	36.5	35	18.25	1.9	1.35	8.4	7.9	12.1	8.95	61
2002	0	0	0	1	0	0	0	4	3/18/2002	SK482	547.02	-1	0	5	20.6	7.8	13.9	7.55	 	8.25	6.85	 	6.65	4.35	6.15	4.85	25.8	34.85	10	14.2	14.2	 	 	50.5	52	3	41	38	18.25	1.7	1.3	9.1	7.9	12	9.85	65
2002	0	0	0	1	0	0	0	4	3/18/2002	SK499	548.02	-1	0	5	21	7.45	13.6	7.35	 	8.45	6.45	 	6.45	4.6	5.9	4.5	27	36.1	11	13.1	13.1	 	 	50	52	1	39.5	38.5	19	2	1.2	9.35	8.3	13	7.8	65
2002	0	0	0	1	0	0	0	4	3/18/2002	SK500	550.02	-1	0	5	21.3	7.8	13.5	8.3	 	8.5	7.25	 	7	4.5	5.9	4.2	25	33.4	10	15.2	15.2	 	 	51.5	52.5	4	42	38	19.35	2	1.6	8.15	8.25	12.1	9.6	66.5
2002	0	0	0	1	0	0	0	4	3/18/2002	SK496	553.02	-1	 	 	18.4	7.55	13.4	7.9	 	8.25	6.7	 	6.8	3.9	5.9	4.15	26	33.6	11	14.1	14.1	 	 	47	47.5	.5	38.5	38	19	1.95	1.35	8.85	9	12.1	10.9	60.05
2002	0	0	0	1	0	0	0	4	3/18/2002	SK492	554.02	-1	0	5	19	8.2	14.6	7.75	 	8.3	6.9	 	5.75	3.55	4.5	3.8	25	33.85	8.5	13.1	13.1	 	 	49.5	48.5	2	39	37	18.7	1.8	1.3	8.6	7.6	12.1	9.55	61
2002	0	0	0	1	0	0	0	4	3/18/2002	SK497	555.02	-1	1	 	18.6	7.5	13.8	7.9	 	8.95	6.5	 	6	3.8	6.3	3.8	25	33.85	9.5	15.9	15.9	 	 	49	50	3.5	37.5	34	18	1.6	1.3	8.65	7.25	12.8	7.6	64
2004	0	0	0	0	1	0	0	5	1/27/2004	SK540	558	1	0	5	19.5	7.65	13.9	8.2	27.5	8.5	7	 	6	4.3	5.75	4.4	26	36	10.5	14.7	14.7	 	46	49	50	3	40.5	37.5	21.15	1.8	1.3	8.9	8.5	13.15	8.6	64
2004	0	0	0	0	1	0	0	5	1/27/2004	SK536	559	1	0	3	19.75	7.7	15	8.3	28	8.75	6.9	 	5.9	4.2	5	5.75	26.7	35	10.5	15	15	 	47	48	49.5	.5	39.5	39	20.1	1.85	1.3	9.3	9.1	14.4	10.1	61
2004	0	0	0	0	1	0	0	5	1/28/2004	SK535	570	1	0	2	17.5	7.7	14.5	7.5	27.8	8.4	6.7	 	8	5	5.9	4.6	25.5	34.9	6	14.5	14.5	 	43	45.5	47	1	38	37	20.75	1.85	1.1	9	8.15	12.1	8.35	59.5
2004	0	0	0	0	1	0	0	5	1/29/2004	SK529	571	-1	0	5	20.1	7.9	14.2	7.85	27.8	8.65	6.7	 	7.4	5.6	6	4.5	26.45	35.1	7	14.6	14.6	 	46.5	49	52.5	 	 	 	20.8	2	1.3	9.1	9.5	11.9	10.8	65.5
2004	0	0	0	0	1	0	0	5	1/29/2004	SK525	572	-1	0	5	19	7.1	11.9	7.5	26.9	8.3	6.65	 	5.6	2	4.3	3.4	23.7	31.8	8	12.8	12.8	 	45	48	49.5	1	38	37	18.6	1.9	1.1	8.25	7.5	11.8	9	62
2004	0	0	0	0	1	0	0	5	1/29/2004	SK526	573	-1	0	3	21.15	8.2	14.5	8.5	27.8	8.5	7	 	8	5.75	6	5.2	25.75	34	9	15.2	15.2	 	47.5	50	51.5	6.5	38.5	32	20.1	1.9	1.3	8.4	8.35	12	10.75	65
2004	0	0	0	0	1	0	0	5	1/29/2004	SK528	575	-1	0	3.5	18.25	7.55	13.8	7.4	27.6	7.5	6.8	 	5.7	5.2	6.2	 	24.4	30.15	7	12.8	12.8	 	46	49	49	3	38	35	18	1.7	1.1	8.2	8.7	12	 	62
2004	0	0	0	0	1	0	0	5	1/29/2004	SK539	576	-1	0	5	19.2	8.6	15.8	8.5	28.85	8.4	7.35	 	6.6	4.75	5.4	4.5	25.2	34	8	15.7	15.7	 	45	47.5	48	1	39.5	38.5	20.8	1.9	1.3	8.95	9.2	12.1	9	63
2004	0	0	0	0	1	0	0	5	1/29/2004	SK545	578	-1	0	2	19.5	7.75	14	7.7	26.5	7.5	7.1	 	7.4	4.65	5.15	4.2	24.9	32.8	7	13.1	13.1	 	47	48	50	2	39	37	20	1.8	1.1	9.2	8.6	12	9.35	61.5
2004	0	0	0	0	1	0	0	5	1/29/2004	SK560	582	-1	0	5	19.35	7.9	13	8	26.9	7.2	7.7	0	 	 	 	 	 	 	6	13.7	13.7	 	45.5	49	50	2	39	37	20.65	2	1.2	 	 	 	 	63
2004	0	0	0	0	1	0	0	5	1/29/2004	SK553	583	-1	0	1.5	20.1	7.7	14.2	8	24.1	8.2	6.5	 	7.35	3.75	5.1	4.1	23.1	32	11	12.5	12.5	 	46.5	50	51	2	39	37	19.1	1.9	1.2	8.7	10.3	11.7	9.15	64.5
2004	0	0	0	0	1	0	0	5	1/29/2004	SK551	584	-1	0	5	20.2	8.5	14.15	7.85	29.1	9.25	6.75	0	6.4	3.4	6.4	4.4	22.3	32.4	12	15.4	15.4	 	45.5	48.5	50.5	2.5	39	36.5	20.2	1.8	1.2	9	8.9	11.75	8.6	63
2004	0	0	0	0	1	0	0	5	1/29/2004	SK555	585	-1	0	5	20.2	8.6	14.85	8	28.45	8.9	7.1	 	7.25	4.4	5.65	4.25	26.7	34.6	11.5	14.8	14.8	 	46.5	48.5	50.5	 	 	 	21	1.7	1.25	10.65	8.7	12.3	8.25	64.5
2004	0	0	0	0	1	0	0	5	2/3/2004	SK552	588	-1	0	5	19.4	7.4	13.7	8.1	27.4	7.8	6.6	 	6.2	4.6	4.3	4.15	25.2	32.45	7	12.7	12.7	 	44	48	50	1.5	38.5	37	19.6	1.8	1.25	9.5	8.2	11.3	9.75	62.5
2004	0	0	0	0	1	0	0	5	2/3/2004	SK554	589	-1	0	4	18.65	8.2	15	7.35	27.5	8.25	7.4	 	6.8	4.8	6.3	4.1	25.8	35	10	14	14	 	47.5	48.5	49.5	 	 	 	19.8	2.1	1.1	8.85	8.7	12.3	9	62
2004	0	0	0	0	1	0	0	5	2/7/2004	SK559	591	1	0	5	19.5	7.5	13.2	8	27.95	8.2	6.5	 	5.7	4.5	3.8	3	25	32.65	8	14.2	14.2	 	46.5	48.5	51	2	39.5	37.5	20.75	1.8	1.25	8.75	7.35	11.2	8	59
2004	0	0	0	0	1	0	0	5	2/7/2004	SK569	592	1	1	 	18.2	8	12.3	8.25	28.1	8.4	6.75	3	4.9	4.1	5.6	5.2	24.7	34.9	9	15.1	15.1	 	44.5	47	48.5	2	37	35	19.5	2	1.2	7.9	7.3	11.7	9.6	60
2004	0	0	0	0	1	0	0	5	2/7/2004	SK562	593	1	1	 	19	7.8	13.6	7.35	27.3	8.6	6.9	3	5.2	2.7	4.8	4.1	24.2	33	7	13.3	13.3	 	43.5	46	48	2	39	37	18.65	1.7	1.1	7.75	6.9	11.7	8.9	61.5
2004	0	0	0	0	1	0	0	5	2/7/2004	SK563	599	1	1	 	19.65	7.9	14.7	7.55	28.1	8.65	6.7	2	7.1	3.6	3.6	3.5	25.1	31.7	9	13.3	13.3	 	43	46	47	4	37.5	33.5	18.95	1.9	1.25	8.8	7.7	11.3	8.8	60
2004	0	0	0	0	1	0	0	5	2/7/2004	SK570	600	1	1	 	20.65	7.9	14.7	7.8	28	8.7	6.9	2	 	3.6	5.4	3	 	 	9	13.7	13.7	 	48.5	49.5	50.5	 	 	 	19.25	1.7	1.25	 	8.9	11.3	6.8	64.5
2004	0	0	0	0	1	0	0	5	2/7/2004	SK565	601	1	0	5	19	7.8	14.7	8.75	28	8.7	7.4	 	 	3.85	5.1	2.8	 	 	11	13.5	13.5	 	45.5	48	48.5	1	39.5	38.5	18.2	1.9	1.4	 	7.9	10	8.75	62
2004	0	0	0	0	1	0	0	5	2/7/2004	P40	602	1	0	5	19.4	7.9	13.7	7.25	27.4	8	7	 	7.1	4.2	4.5	3.3	25	31.4	10	13.3	13.3	 	45	48	49	.5	39	38.5	20.3	1.6	1.3	8.7	7.3	11.75	10.4	63
2004	0	0	0	0	1	0	0	5	2/7/2004	SK572	607	1	1	 	19.25	7.65	13.3	7.8	28	8.5	7	2.5	6.7	3.7	4.4	3.2	24.8	32.7	8.5	14.4	14.4	 	44	48.5	50	1.5	39	37.5	19.5	1.9	1.1	8	8.1	12.1	7.6	63.5
2004	0	0	0	0	1	0	0	5	2/7/2004	SK571	608	1	0	 	18.7	7.5	14	7.6	28	8	7	 	6.3	5.12	5.65	3.35	25.5	31.2	7	13.4	13.4	 	42	46	48	1.5	38	36.5	20.2	1.7	1	8.65	8.5	11.4	9.6	61.5
2004	0	0	0	0	1	0	0	5	2/7/2004	SK580	611	1	1	 	19.6	7.9	13.15	7.7	26.85	8	6.6	3	7.1	4	4.1	4.6	25.1	33.4	9	14.6	14.6	 	44.5	47.5	49.5	1.5	37.5	36	18	1.9	1.2	9.1	7.1	13.15	8.65	63.5
2004	0	0	0	0	1	0	0	5	2/7/2004	SK574	613	1	0	5	18.7	7.7	13.9	7.3	27.3	8.4	6.7	 	6.15	4.1	4.5	3.4	24.3	31.1	8.5	12.7	12.7	 	46	49.5	50	0	38	38	18.7	2	1.1	8.2	6.8	13.15	11	64.5
2004	0	0	0	0	1	0	0	5	2/8/2004	SK579	614	-1	0	5	19.3	7.9	12.65	7.8	28.3	7.85	7.5	 	6.3	 	 	3.3	26	32.9	10	13.3	13.3	 	45	49	48	-3	37	40	20.1	2	1.4	8.45	8.7	11.7	9.8	58.5
2004	0	0	0	0	1	0	0	5	2/8/2004	SK576	615	-1	1	 	17.15	7.25	12.9	7.85	27.9	8.2	6.9	3	4.1	4.5	4.7	 	23.85	30.6	8	14	14	 	44	46.5	48.5	2.5	37.5	35	20	2	1.2	8.2	7.7	11.4	8.4	60
2004	0	0	0	0	1	0	0	5	2/8/2004	SK577	616	-1	1	 	19.15	7.4	12.6	7.2	27.8	8.45	6.6	3	6.4	3.8	4.3	4.1	23.5	31	7	13.2	13.2	 	42.5	48	49.5	1	39.5	38.5	18.75	1.8	1.5	7.95	7.9	11	9.8	59.5
2004	0	0	0	0	1	0	0	5	2/8/2004	SK573	617	-1	0	5	19.4	7.75	13.5	7.8	28.1	8.7	6.6	 	6.4	3.7	4.7	3.4	25.2	33.5	12.5	14	14	 	47	50	50.5	5	41	36	19.9	1.85	1.3	8.6	8.8	12.35	9.3	65
2004	0	0	0	0	1	0	0	5	2/8/2004	SK589	618	-1	0	5	19.9	7.85	14.6	7.75	27.7	8.3	7.15	 	6.9	4	4.5	3.7	24	32.4	11.5	13.7	13.7	 	45	48.5	50	1.5	39.5	38	19.6	1.6	1.15	8.45	8.75	11.5	9.25	59.5
2004	0	0	0	0	1	0	0	5	2/8/2004	SK582	619	-1	0	2	18.5	7.65	14	8	28	8.5	7.35	 	7.25	4.7	6	3.9	25	33.1	7	14	14	 	45.5	47.5	48	1.5	37.5	36	19.15	1.9	1.4	9	9.4	11	9.1	61
2004	0	0	0	0	1	0	0	5	2/8/2004	SK588	621	-1	0	 	19.7	8.5	15	7.95	28.5	8	6.6	 	6.9	4.9	4.7	5.1	25.9	35.7	9	14.6	14.6	 	49	49.5	51	.5	38	37.5	20.1	2	1.3	9	9.1	12.4	11.1	64.5
2004	0	0	0	0	1	0	0	5	2/8/2004	SK587	622	-1	0	5	19.2	7.8	12.8	7.5	27.25	8.2	7.1	 	6.1	4.6	5.3	4	24.5	31.85	8	14.6	14.6	 	43.5	48.5	49	 	 	 	20.3	2	1.3	7.75	7.75	12.5	8.1	63
2004	0	0	0	0	1	0	0	5	2/8/2004	SK586	627	-1	0	3	18	7.85	14.9	8	28.3	8.7	7	 	6.4	3.9	4.9	3.5	24.9	33	7.5	13.1	13.1	 	51	51	51	 	 	 	19	2	1.3	9	7.9	12.5	8.4	64
2004	0	0	0	0	1	0	0	5	2/8/2004	SK584	628	-1	0	5	19	7.85	12.8	7.95	27.6	7.7	7	 	4.3	3.7	5.15	3.2	24.9	32.8	7	12.3	12.3	 	46	48.5	50	.5	38.5	38	20.2	1.65	1	8.45	8.1	11.8	9.5	65
2004	0	0	0	0	1	0	0	5	2/9/2004	SK592	638	1	1	 	20.1	8	15.2	7.6	27.75	8.7	7.1	3	5.6	3.4	4.1	2.6	25.6	33.7	6	 	 	 	46	49	50	2	41	39	19.6	1.9	1.1	8	7.35	11.7	7.1	62.5
2004	0	0	0	0	1	0	0	5	2/9/2004	SK612	640	1	1	 	19.5	7.5	13.2	7.5	29	8.7	7	3	5.6	2.6	4.7	3.3	25.9	33.85	10.5	12.7	12.7	 	43	45	44	3.5	38.5	35	20.6	1.8	1.3	9.4	7.4	11.8	7.2	59
2004	0	0	0	0	1	0	0	5	2/9/2004	SK619	642	1	0	 	19.15	8	13	8	28	8.5	7.3	 	5.4	3.5	4.8	3.6	24.1	32.6	7.5	15	15	 	46	50	50	4	42	38	19.2	1.85	1.4	8.4	8	10.5	7.5	61.5
2004	0	0	0	0	1	0	0	5	2/9/2004	SK614	643	1	1	 	19.2	7.7	12.9	7.6	27.8	8.2	7.2	3	6.5	4.6	5.1	3.5	23.6	30.3	10.5	13.4	13.4	 	42	46.5	48	2.5	37.5	35	20.2	1.9	1.1	8.15	8.4	11.8	7.8	60
2004	0	0	0	0	1	0	0	5	2/9/2004	SK618	645	1	1	 	18	7.3	13	8.1	26.8	8.1	6.7	2.5	5.3	3.6	5	3.9	23	30.7	9.5	13.7	13.7	 	44.5	46	47.5	1	37	36	19.3	1.75	1.25	8.1	7.5	12.1	8.8	60
2004	0	0	0	0	1	0	0	5	2/9/2004	SK613	649	1	0	5	19.7	7.6	13.8	7.75	28.6	8.3	6.7	0	6.35	3.8	4.7	3.5	24.9	33.1	10	13.6	13.6	 	46	48	50	1.5	38.5	37	19.8	1.8	1.3	8.55	8.3	13	8.7	58.5
2004	0	0	0	0	1	0	0	5	2/9/2004	SK621	651	1	0	5	18	7.6	13.2	7.95	28.1	8.45	7	 	6.7	4.2	5.5	4.1	25.65	32.5	8.5	13.8	13.8	 	46	48	49	1.5	39.5	38	20.5	1.9	1	8.35	9	12.5	8	63
2004	0	0	0	0	1	0	0	5	2/9/2004	SK623	653	1	0	 	18.7	7.3	14.35	6.9	28	7.85	6.9	 	4.7	3	4.5	3.3	22.3	30.2	9	14.3	14.3	 	43	48	49	3	40	37	18.1	1.9	1.45	6.9	7.3	9	6.8	61.5
2004	0	0	0	0	1	0	0	5	2/9/2004	SK625	654	1	0	5	19	7.5	12.6	6.6	28.1	8.6	6.7	 	6.4	3.5	3.7	2.8	25.8	31	6	14	14	 	45.5	47	50	1.5	39.5	38	19.6	1.7	1.1	8.9	8.3	10.85	8.4	62
2004	0	0	0	0	1	0	0	5	2/19/2004	SK714	776	-1	0	5	20.1	7.8	14.2	7.1	28.2	8.5	6.85	 	5.6	3.7	4.7	3.7	25.1	33.4	8.5	14.2	14.2	 	47	48.5	50	1.5	39.5	38	19.1	2	1.3	9.2	7.9	10.7	9.5	63.5
2005	0	0	0	0	0	1	 	6	1/27/2005	 	920	0	0	4	19.8	7.9	14.5	8.1	26.9	8.75	6.6	 	6.8	4.5	5.6	3.8	25.65	33.55	8.5	 	 	1.5	45	47	47.5	4	39	35	18.4	1.75	1.3	9.4	8.6	13.6	12.1	60.5
2005	0	0	0	0	0	1	 	6	1/27/2005	 	922	0	0	5	18.4	7.15	13.9	8.2	27.7	8.1	7.2	 	6	3.85	6.3	3.85	24.4	32.9	7	14.2	14.2	 	44	47	48.5	3.5	37	33.5	19.5	1.6	1.4	10	8.1	11.1	8.6	61
2005	0	0	0	0	0	1	 	6	1/27/2005	 	923	0	0	5	19.85	7.25	15.1	8.4	28.9	8.5	7	 	6.1	4.9	5.9	3.85	25.2	33.6	10	 	 	 	47	51.5	53	1	41	40	19.55	1.8	1.2	8.6	8	13.3	10	67
2005	0	0	0	0	0	1	 	6	1/27/2005	 	924	0	0	4	18.8	7	13.4	8.7	28	8.1	7	 	6.8	4.1	4.7	3.9	24.2	31.8	9	14.4	14.4	 	46.5	49.5	50	2	42	40	19.4	1.75	1.1	9.1	8.35	11.5	8.5	64.5
2005	0	0	0	0	0	1	 	6	1/27/2005	 	925	0	0	1	19.3	7.7	14.8	9.2	28	8.8	7	 	6.1	5.1	5.8	3.9	25.6	32.6	4.5	 	 	 	45	48	48.5	1	39	38	20.1	1.65	1.2	9.35	8.5	12	9	62
2005	0	0	0	0	0	1	 	6	1/27/2005	 	927	0	0	1	16.65	8.3	15.3	8.7	29.8	9.25	7.5	 	6.4	4.3	4.8	3.9	26.8	35	7	 	 	 	48	50	52	5	40	35	20	1.9	1.2	9.8	9.3	12	10.3	64.5
2005	0	0	0	0	0	1	 	6	1/27/2005	 	930	0	1	 	19	7.4	13.5	8	26.9	7.7	6.7	 	7.7	4.2	4.7	2.9	24.2	31.5	9.5	 	 	2.15	44	46	48	 	 	 	18.9	1.9	1.3	8.65	7.85	11.65	8.2	61
2005	0	0	0	0	0	1	 	6	1/27/2005	 	931	0	0	5	 	7.5	15.3	8.1	27.85	8.85	6.9	 	6.7	4.3	5.1	3.9	25	32.7	9	 	 	2.85	45	48	50	4	38	34	19.2	1.55	1.1	8.2	9	12.85	11.1	61
2005	0	0	0	0	0	1	 	6	1/27/2005	 	933	0	0	1	19.85	7.3	14.6	7.8	28.1	8.5	6.4	 	6.1	4.15	5.4	4	23.6	32.6	7.5	 	 	 	44.5	48	48.5	2.5	38	35.5	19.2	1.65	1.2	8.5	7.7	12.1	8.65	60
2005	0	0	0	0	0	1	 	6	1/27/2005	 	934	0	0	5	20.45	7.85	14.3	8.9	26.8	8.4	7	 	5.3	4.1	4.6	4	24	31.2	10	 	 	 	47	51	51	1	41	40	18	1.6	1.2	8.3	7.9	11.5	8.85	64
2005	0	0	0	0	0	1	 	6	1/28/2005	 	935	0	0	5	23	7.75	14.7	8.9	27.85	7.7	7	 	6.9	4.7	5.75	4	27.4	35.3	10.5	 	 	 	48	50.5	53	3.5	42	38.5	22.1	1.7	1.3	8.5	10	13.8	10.2	67
2005	0	0	0	0	0	1	 	6	1/28/2005	 	936	0	0	5	 	7.85	14.2	8.3	27.2	8.3	7	 	7.1	4.55	5.75	4.1	24.35	31.6	8.5	 	 	1.65	45	49	50.5	2	40	38	18.45	1.8	1.3	8.9	9.25	11.5	7.9	62
2005	0	0	0	0	0	1	 	6	1/28/2005	 	937	0	0	5	18.75	7.7	13.1	8.6	27.5	8.2	7	 	6.35	4.75	5.6	4.1	24.5	33.5	7	14	14	 	46.5	49	50	1.5	39.5	38	20.2	1.65	1.2	8.2	7.6	11.9	8.7	63.5
2005	0	0	0	0	0	1	 	6	1/28/2005	 	939	0	0	5	20.2	8.1	14.9	8.2	28	8.5	6.6	 	7.5	3.9	5.85	4.1	25.5	34.1	9.5	 	 	1.7	48	50.5	51	2	40	38	19.2	1.55	1.2	9	8.15	12.1	9	62
2005	0	0	0	0	0	1	 	6	1/28/2005	 	940	0	1	 	21.6	7.6	15.3	8	28.9	8.5	6.8	 	6.65	3.9	5.3	3.3	24.5	31.6	6	 	 	1.95	45	47	48.5	2.5	38.5	36	17.9	1.8	1.3	8.75	7.4	11.7	8.8	60.5
2005	0	0	0	0	0	1	 	6	1/28/2005	 	941	0	0	5	20.65	8.2	14.6	8.6	28.6	8.6	6.8	 	7	3.9	5.2	4.1	26	34	7	 	 	 	47	49	50	1	39	38	19.8	1.8	1.3	8.9	8.15	12.85	9.3	61.5
2005	0	0	0	0	0	1	 	6	1/28/2005	 	942	0	1	 	 	7.8	14.8	8.1	28.15	8.85	6.9	 	6.8	3.7	5.65	3.65	27	34.3	8	 	 	 	48	49	51	2	41	39	20.3	1.9	1.3	9.5	7.8	12.3	10.7	61
2005	0	0	0	0	0	1	 	6	1/28/2005	 	943	0	0	5	20.1	7.3	14.2	9.7	27.4	8.5	7	 	6.65	4.4	4.6	4.1	23.4	31	8.5	 	 	 	45	48.5	 	 	 	 	18.55	1.65	1.2	7.5	7.75	12.1	9.6	61
2005	0	0	0	0	0	1	 	6	1/28/2005	 	944	0	0	5	20.6	7.95	14.8	9.4	27.7	8.5	7	 	6.9	4	5.5	4.15	26.4	34.5	8	16.2	16.2	 	46	48	49.5	1	39.5	38.5	19.7	1.95	1.4	9.3	7.8	12.75	9.3	63
2005	0	0	0	0	0	1	 	6	1/28/2005	 	945	0	0	5	20.2	7.3	14	7.9	27.6	8.45	6.9	 	7.1	4.8	6	4.2	24.4	32.5	6	 	 	1.7	46	49	50	2	39	37	19.5	1.7	1.2	8.6	8	12	8.35	62
2005	0	0	0	0	0	1	 	6	1/28/2005	 	946	0	0	1	20.2	7.7	14.9	8.3	28	8.6	6.6	 	5.8	4.5	5.7	4.2	26.2	33.7	7.5	 	 	1.9	 	 	 	5.5	38.5	33	19.2	1.75	1.3	10	8.4	12.6	9.8	60
2005	0	0	0	0	0	1	 	6	1/28/2005	 	948	0	0	0	17.7	7.7	14.8	8.4	28.35	8.8	7.1	 	7.3	5.6	5.5	4.3	25.5	33.75	9	 	 	1.7	42.5	47	48.5	2.5	41.5	39	19.7	1.65	1.3	9	8.35	11.5	8.3	61
2005	0	0	0	0	0	1	 	6	1/28/2005	 	952	0	0	5	20.6	7.3	14.2	7.9	28.2	8	7	 	7.6	5	6.1	4.3	25.7	34.9	8	 	 	 	48.5	49.5	52	2	42	40	20.7	1.75	1.3	8.8	8.15	11.7	8.65	65.5
2005	0	0	0	0	0	1	 	6	1/28/2005	 	953	0	1	 	19.7	7.1	14	8	26.7	7.5	6.7	 	7	3.1	4.6	3.5	22.35	30.9	7	 	 	1.7	46.5	49.5	49.5	1	38	37	18.5	1.8	1.3	8	8.3	11.3	8.65	62
2005	0	0	0	0	0	1	 	6	1/28/2005	 	954	0	1	 	19.8	7.9	14.4	8.6	27.5	8.1	7.1	 	7	4	4.9	3.7	25.7	34	6.5	 	 	1.2	44	46.5	48.5	2.5	39	36.5	19.65	1.7	1.1	8.5	8.6	12.1	8.95	58
2005	0	0	0	0	0	1	 	6	1/28/2005	 	955	0	0	5	19.2	7.5	14.5	8.4	28.1	8.35	6.8	 	5.75	3.5	5.8	4.3	25.15	33	8.5	 	 	1.3	47.5	48.5	49	3	38	35	20	1.8	1.3	8.2	7.8	12	8.9	60.5
2005	0	0	0	0	0	1	 	6	1/28/2005	 	956	0	0	5	19.6	7.7	14.2	8	27	7.5	6.7	 	6.2	3.6	4.9	4.3	24	31.55	7	 	 	1.6	 	 	 	 	 	 	17.9	1.5	1.2	9	7.9	11.3	9.2	60
2005	0	0	0	0	0	1	 	6	1/28/2005	 	957	0	0	2	 	7.7	15.6	8.1	28	9	6.5	 	5.9	4.1	5	4.4	24.75	32	8	 	 	2.4	45	48	 	1	37	36	18.1	1.7	1.3	8.15	8.55	11.9	9.7	61
2005	0	0	0	0	0	1	 	6	1/29/2005	 	958	0	1	 	19.4	7.6	14.2	7.8	27.55	8.3	6.5	 	6.5	4.75	5	3.7	25.7	33.45	11	 	 	1.8	45.5	47.5	48	3	38	35	20	1.6	1.3	9	8.85	12	9.5	62
2005	0	0	0	0	0	1	 	6	1/29/2005	 	959	0	1	 	15.15	7.8	15.2	8.4	27.7	8.9	6.7	 	8	3.9	4.2	3.7	24.1	32.3	7	 	 	1.5	43.5	46	46.5	3.5	38.5	35	17.2	1.65	1.2	8	7.5	11.8	9.7	58.5
2005	0	0	0	0	0	1	 	6	1/29/2005	 	960	0	0	5	20.9	7.9	14.6	9	27.2	8.35	7	 	6.9	5.1	4.95	4.4	24.2	32	12	 	 	 	46	47	48.5	2	40	38	18.5	1.9	1.4	8.5	8	11.5	10.5	62
2005	0	0	0	0	0	1	 	6	1/29/2005	 	961	0	0	5	19	7.6	14.8	9	28	8.45	6.9	 	8	4.4	6.1	4.5	26.1	34	7.5	 	 	2	44.5	48.5	48.5	4.7	37.7	33	19.3	1.55	1.3	9	7.5	11.7	8.7	61
2005	0	0	0	0	0	1	 	6	1/29/2005	 	963	0	0	5	19.45	7.3	14.4	7.5	27.7	8.2	6.6	 	5.9	4.6	4.7	4.8	25.7	33.25	11	 	 	1.6	42	47	51.5	0	38	38	18.7	1.7	1.2	9.1	9.5	12	9.4	63
2005	0	0	0	0	0	1	 	6	1/29/2005	 	965	0	1	 	20.7	8.5	16	8.2	29	9.25	7.3	 	7.1	4.9	4.6	3.7	27.8	37.5	8.5	 	 	2	48	50	51.5	1.5	41	39.5	19.45	1.9	1.4	9.3	9.3	13.1	9.8	65
2005	0	0	0	0	0	1	 	6	1/29/2005	 	966	0	0	4	 	7.5	13.7	7.7	27.6	8.3	6.7	 	6.6	4.3	6.7	4.9	24.9	33.7	9.5	 	 	1.5	44.5	46	 	4	37.5	33.5	19.9	1.65	1.2	8.7	8.5	11.6	9.1	60
2005	0	0	0	0	0	1	 	6	1/29/2005	 	970	0	0	5	18.9	7.15	13	8.3	27	8.15	6.3	 	6.2	4.3	5.65	4.9	23.2	29.5	8	 	 	 	45.5	48.5	49.5	-3.5	36	39.5	16.9	1.45	1.1	8.2	7.8	11.1	9.25	61
2005	0	0	0	0	0	1	 	6	1/29/2005	 	973	0	0	1	21	7.5	14.9	8	27.85	8.6	6.3	 	6.85	4.95	6.15	5	26.9	39	8	 	 	 	46	48.5	50	1.5	38	36.5	20.25	1.6	1.2	9.9	8.6	13.6	10.5	64.5
2005	0	0	0	0	0	1	 	6	1/29/2005	 	976	0	1	 	18.8	7.65	14.8	8.8	27.3	8.85	7	 	6.7	3.4	5	3.8	25.5	32.5	10	 	 	1.6	47	49	51	2.5	40.5	38	19.8	1.8	1.2	8.8	7.45	11.35	9	62
2005	0	0	0	0	0	1	 	6	1/29/2005	 	977	0	0	5	20.45	8	15.1	8.3	28.45	8.5	6.9	 	7.4	4.7	5.95	5.2	24	32.15	6.5	 	 	1.4	47	49	49.5	1.5	40	38.5	19.4	1.7	1.3	8.4	8.35	11.9	9.2	61
2005	0	0	0	0	0	1	 	6	1/29/2005	 	979	0	1	 	20.65	7.7	14.4	8.4	28.85	8.6	6.5	 	6.1	5.8	5.8	3.8	24	32.5	8	15	15	 	47	48.5	49.5	1	39	38	19.1	1.6	1	9.2	8.5	11.9	9.5	63
2005	0	0	0	0	0	1	 	6	1/29/2005	 	980	0	0	1	20.1	7.8	14.9	9.1	27.7	8.4	7.5	 	5.9	4.6	5.9	5	24.3	33.2	7	 	 	3.4	47	49	50.5	4	39	35	18.5	1.7	1.2	8.7	8.4	11.8	9.7	63
2005	0	0	0	0	0	1	 	6	1/29/2005	 	982	0	0	5	18.7	7.2	13	8.4	26.35	8.4	6.3	 	6	5.5	4.2	4.1	24.5	33.5	4	 	 	1.7	45.5	48.5	50	2	40	38	20.65	1.6	1.1	8.7	9	10.5	9.5	59.5
2005	0	0	0	0	0	1	 	6	1/29/2005	 	984	0	0	5	19	7.2	14.5	9.6	27.7	7.7	7	 	7.35	5.7	5.1	4.2	26.5	35	6	 	 	1.7	46	48	50	1	40	39	19.2	1.9	1.5	9.1	8.9	12.6	9.2	61
2005	0	0	0	0	0	1	 	6	1/29/2005	 	986	0	1	 	19.8	7.8	14.5	8	28.1	8.5	6.7	 	7.1	3.6	5.9	3.8	25.1	32.5	8	 	 	 	47.5	50	51	2	40	38	19.3	1.8	1.3	8	8.3	11.8	9.9	63
2005	0	0	0	0	0	1	 	6	2/20/2005	 	1389	1	0	1	18.3	7.6	14.5	8.4	28.4	8.9	7.1	 	6.1	4.1	6	4.2	25.75	33.65	8.5	13.9	13.9	1.6	47.5	49.5	50	.5	39.5	39	20	1.8	1.15	8.4	9	12.8	9.3	61.5
2005	0	0	0	0	0	1	 	6	2/20/2005	 	1390	1	0	3	19.6	7.9	15.25	8.8	28.4	8.9	6.7	 	6.6	4.6	5.8	4	24.7	33.8	10	14.1	14.1	1.4	47.5	50	52	.5	39.5	39	19.15	1.7	1.1	8.9	8.1	13	9	64.5
2005	0	0	0	0	0	1	 	6	2/20/2005	 	1391	1	0	0	19.4	7.15	14.45	8.15	27.5	8.25	7.2	 	5.85	3.9	4.7	3.6	24.7	32.4	7.5	13.9	13.9	1.6	44.5	47	48.5	0	36	36	18.8	1.7	1.1	8.15	8.7	11.3	7.7	60
2005	0	0	0	0	0	1	 	6	2/20/2005	 	1392	1	0	5	20.9	7.85	15.5	7.9	27.55	8.65	6.7	 	6.7	3.8	4.65	3.7	25.2	34	11	14.4	14.4	1.4	48	53	54	4	41	37	20.7	1.8	1.1	8.2	8.4	11.9	8.5	66.5
2005	0	0	0	0	0	1	 	6	2/20/2005	 	1393	1	0	0	21.5	7.7	14.4	7.9	27.65	8.1	6.8	 	6.5	4.6	4.9	4.2	24.4	31.7	7	14	14	1.4	46	49.5	50	1.5	39.5	38	20.3	1.7	1.25	8.5	7.35	11.1	8.5	68
2005	0	0	0	0	0	1	 	6	2/20/2005	 	1394	1	0	0	 	7.25	14.4	8	27.7	8	6.75	 	7	4.8	4.5	3.4	23.2	31.7	10	13.5	13.5	1.7	 	48	48.5	.5	37.5	37	19	1.7	1.15	7.75	7.5	10.65	7.5	61.5
2005	0	0	0	0	0	1	 	6	2/20/2005	 	1396	1	0	5	21	7.5	14.4	8.65	27.2	8.1	6.7	 	6.5	4.75	 	4.2	26.1	34.5	9	15.1	15.1	1.8	47	51.5	52.5	4	41	37	20.7	2	1.2	10	8.2	12	9.2	64
2005	0	0	0	0	0	1	 	6	2/20/2005	 	1397	1	1	 	18.8	7.4	14.6	7.4	28	8.4	6.6	 	7.1	4	4.8	2.2	24.4	30.8	8	13.2	13.2	1.4	46	49	49.5	 	 	 	17.85	1.7	1.4	8.2	8.7	11.8	9	60
2005	0	0	0	0	0	1	 	6	2/20/2005	 	1398	1	0	5	20.25	7.6	15.6	9.2	27.9	8.5	6.7	 	6	4.4	5.15	3.6	25.9	34.6	7.5	17.3	17.3	1.7	49.5	50.5	 	2.5	40	37.5	18.5	1.85	1.1	9.2	8.2	12	8.7	64
2005	0	0	0	0	0	1	 	6	2/20/2005	 	1399	1	0	5	20.6	8	14.6	9	27.65	8.8	7.3	 	5.7	4.65	4.5	4	25.8	34	10	14.9	14.9	1.75	48.5	52.5	53.5	 	 	 	21.4	1.8	1.2	9.6	8.35	12	10.1	66.5
2005	0	0	0	0	0	1	 	6	2/20/2005	 	1401	1	0	3	19	7.5	14.4	8.6	28	8.05	6.9	 	6.5	4.15	4.7	4.1	23.85	30.4	8	14.2	14.2	1.4	44.5	 	50	2.5	39.5	37	19.7	1.65	1.1	8.7	7.8	11.3	9.1	61
2005	0	0	0	0	0	1	 	6	2/20/2005	 	1402	1	1	 	20.25	7.7	14.8	9.15	27.9	8.8	6.8	 	7	3.9	5.2	3	23.8	32.5	9	13.1	13.1	1.7	 	 	 	3.5	40	36.5	19.35	1.6	1.1	8.4	7.55	10.9	7.5	60.5
2005	0	0	0	0	0	1	 	6	2/20/2005	 	1403	1	1	 	19.3	7.5	13.85	8	27.5	8	7.1	 	6.85	4.15	5.1	3.4	25.3	31.8	8	13.5	13.5	1.3	43.5	46	47.5	2	38	36	19.6	1.9	1.1	7.55	7.7	11.9	8.7	59
2005	0	0	0	0	0	1	 	6	2/20/2005	 	1404	1	0	1	21.35	8	15.35	9.1	28.25	9	7.2	 	6.2	4.9	5.7	4.2	25.6	34	7.5	15.2	15.2	1.4	46	47.5	49	2	39	37	19.9	1.9	1.25	9	8.8	12.1	9.3	62.5
2005	0	0	0	0	0	1	 	6	2/20/2005	 	1405	1	0	0	18.75	7.35	15.1	8.25	28.7	9.25	6.7	 	6.1	4	5.15	4.1	24.55	33	7.5	13.8	13.8	1.5	41.5	46	48	 	 	 	19.45	1.8	1.3	7.5	7.3	12.5	7.35	60.5
2005	0	0	0	0	0	1	 	6	2/20/2005	 	1406	1	0	3	18.3	8	15	8.6	28.5	9.35	7.1	 	7	4.5	5.3	3.6	26	34	5	14.6	14.6	1.7	47	49	50.5	1.5	41.5	40	19.5	1.75	1.25	8.3	7.7	12.4	8.2	63.5
2005	0	0	0	0	0	1	 	6	2/20/2005	 	1407	1	1	 	16.6	7.2	14.5	8.6	26.85	8.2	6.9	 	6.2	3.8	4.1	 	24	31.9	9.5	14.1	14.1	1.45	46	49	50	0	38	38	19.5	1.8	1.25	8.2	7.8	11.6	 	61
2005	0	0	0	0	0	1	 	6	2/20/2005	 	1408	1	1	 	18.7	6.8	13.7	7.9	27	8.05	6.3	 	6.2	4.6	6	3.25	23.8	32	8.5	12.7	12.7	1.1	44.5	48.5	49.5	 	 	 	17	1.9	1.35	8.2	7.7	10.9	8.4	61
2005	0	0	0	0	0	1	 	6	2/20/2005	 	1409	1	1	 	20.7	7	13.4	7.2	26.4	7.9	6	 	6.5	4	4.4	4	23.5	31	8	12.2	12.2	1.25	44.5	47.5	49	3.5	38	34.5	19.5	1.8	1.2	7.4	6.9	10.9	7.8	55.5
2005	0	0	0	0	0	1	 	6	2/20/2005	 	1410	1	0	5	20.65	8.1	15.1	8.75	28.8	8.9	7	 	6	4.5	4.25	3.5	24.5	30.6	9.5	15.5	15.5	1	49	52.5	53	1	42	41	20.15	1.9	1.25	8.7	7.1	11	8.2	63
2005	0	0	0	0	0	1	 	6	2/20/2005	 	1411	1	0	5	19	7.8	15.6	8.9	28.2	8.8	6.9	 	6.8	4.2	5.2	4.3	25.6	33.4	8	14.5	14.5	1.7	46.1	49	51	1	40	39	20.4	1.8	1.2	9	8.5	11.5	9.5	64
2005	0	0	0	0	0	1	 	6	2/20/2005	 	1414	1	1	 	21.1	7.2	14.6	8.8	28	8.05	6.7	 	6.4	3.7	5.15	3.6	25.5	32.7	8	14.6	14.6	1.25	42.5	46	47.5	4	40	36	19.5	1.8	1.3	8.65	8.35	11.4	8.9	61.5
2005	0	0	0	0	0	1	 	6	2/20/2005	 	1415	1	0	2	18.9	7.5	15.5	9	28.75	9.35	7.1	 	6.6	4.3	4.65	3.4	25.6	33.6	7	13.9	13.9	1.45	46	49.5	50	3	39.5	36.5	20	1.9	1.15	8.5	7.85	11.5	8.7	63
2005	0	0	0	0	0	1	 	6	2/20/2005	 	1416	1	1	 	15.7	7	15.5	7.85	28.3	8.9	6.7	 	7	4.7	5	3.7	23.8	32.25	6.5	13.8	13.8	1.6	45.5	 	50.5	 	 	 	19.1	1.7	1.1	8.35	8.2	11.9	8.7	61.5
2005	0	0	0	0	0	1	 	6	2/20/2005	 	1421	1	0	0	18.8	7.65	14.7	8	28.8	9	7	 	6.5	4.5	5.6	4.1	24	33.1	6.5	15.5	15.5	1.85	 	 	49	.5	38	37.5	19	1.8	1.2	8.1	7.75	11.7	8.8	63
2005	0	0	0	0	0	1	 	6	2/20/2005	 	1422	1	1	 	21	7.25	14.4	7.9	27.3	8.3	6.6	 	6.4	3.65	5.4	3.7	24.7	32	9.5	 	 	1.25	46.5	47	50	1.5	38.5	37	18.9	1.9	1.15	8.85	8.4	11.8	7.8	62.5
2005	0	0	0	0	0	1	 	6	2/20/2005	 	1423	1	0	1	19.85	7.9	15	9.7	28	8.5	6.95	 	6.25	3.7	4.7	3.7	24.6	31.6	9.5	15.5	15.5	1.8	45.5	47.5	49	1.5	41.5	40	19	1.85	1.25	8.15	7.5	11.9	9.9	62
2005	0	0	0	0	0	1	 	6	2/21/2005	 	1425	-1	0	5	 	7.8	14.6	9	28.2	9	6.9	 	7.5	4.75	6.9	4.5	26	34.1	9	15.1	15.1	1.5	48.5	49.5	51.5	0	40	40	19.7	1.8	1.25	9.5	8	13.3	10.6	63
2005	0	0	0	0	0	1	 	6	2/21/2005	 	1426	-1	0	5	17.3	7.45	14.5	8.7	27.7	8.5	6.85	 	7.7	4	5.25	4.1	25.7	31.7	8	13.4	13.4	1.8	46.5	50	51.5	4	41.5	37.5	18.7	1.65	1.1	8.8	8.75	12	9.6	61.5
2005	0	0	0	0	0	1	 	6	2/21/2005	 	1427	-1	0	3	19.5	7.4	15.5	8.4	27.6	8.5	6.5	 	7.7	5.85	5.7	5	24	33.85	7.5	13.9	13.9	1.6	47.5	49	50	1	37	36	18.8	1.75	1.15	8.6	9.5	11.55	8.7	61.5
2005	0	0	0	0	0	1	 	6	2/21/2005	 	1430	-1	0	3	20.85	7.8	15.3	8.4	28	8.2	7	 	7.4	4.9	5.25	4.6	25.15	35.15	8	14.3	14.3	1.65	45	 	49	5.5	39	33.5	19.15	1.7	1.1	8.8	8.15	12.2	9.4	60
2005	0	0	0	0	0	1	 	6	2/22/2005	 	1431	-1	0	5	 	7.5	14.2	8.4	27.7	8.25	6.6	 	6.3	4.1	4.1	3.6	25.7	32.9	9	 	 	1.75	47	48.5	49	1	38	37	18.8	1.6	1.1	9.2	9.2	12.1	7.4	60
2005	0	0	0	0	0	1	 	6	2/22/2005	 	1432	-1	0	2	21.9	7.75	14.9	8.5	27.7	8	7.15	 	6.1	3.5	5.1	3.7	26.3	34.7	11	14.5	14.5	1.5	47.5	51	52	4.5	39.5	35	19.1	1.75	1.3	9.9	11.5	12.8	8.6	64.5
2005	0	0	0	0	0	1	 	6	2/22/2005	 	1433	-1	0	0	21.5	7.7	13.7	8.25	27.3	7.9	6.8	 	7.2	5.35	5.1	4	25.7	32.8	8.5	 	 	1.3	47.5	49.5	50	 	 	 	19.5	1.7	1.3	8.5	8.7	11.2	9.6	62
2005	0	0	0	0	0	1	 	6	2/22/2005	 	1434	-1	0	0	15.75	7.35	14.5	8.1	27.5	8.2	6.8	 	6.5	4.7	4.3	3.5	25	33	8	13.1	13.1	1.8	45	47	49	3	36	33	20	1.8	1.1	8.8	8.4	12.1	9.6	59.5
2005	0	0	0	0	0	1	 	6	2/22/2005	 	1435	-1	0	3	20.25	7.7	15	7.9	27.9	8.5	6.9	 	6.8	5.7	5.7	4.2	25.9	35	7.5	14.4	14.4	1.75	 	48.5	50	5	41	36	19.1	1.65	1.2	8.8	8.6	12.2	8.3	63.5
2005	0	0	0	0	0	1	 	6	2/22/2005	 	1436	-1	1	 	20.5	7.9	14.5	8	28.2	9.25	7.1	 	6.7	5.2	5.6	3.9	26.4	35.7	8.5	14	14	1.9	45.5	47.5	47.5	4.5	38.5	34	19.1	1.75	1.3	8.8	8.6	13.1	10.3	62
2005	0	0	0	0	0	1	 	6	2/22/2005	 	1438	-1	1	 	 	7.5	14.6	8.3	27.6	8.25	6.75	 	6.9	4	5.7	3.8	25.8	33.2	5	15.1	15.1	1.75	46	49.5	50.5	5.5	40.5	35	19.35	1.6	1.15	8.5	7.6	12.9	9.9	60
2005	0	0	0	0	0	1	 	6	2/22/2005	 	1439	-1	1	 	17.85	7	14.6	8.6	27.35	7.7	6.3	 	6.5	4	5.1	4	24	31.5	7	11.3	11.3	1.55	42.5	45.5	46	0	34	34	18.9	1.8	1.2	8	8.7	10.8	8.15	56
2005	0	0	0	0	0	1	 	6	2/22/2005	 	1440	-1	0	2	22.2	7.55	14.3	8.3	27.7	8.75	7.2	 	7.2	4.5	5.9	4.5	26.4	34.1	7	14.8	14.8	1.1	47	49	50	4	41	37	20.6	2.1	1.15	9.5	8.6	12.6	9.3	65
2005	0	0	0	0	0	1	 	6	2/22/2005	 	1441	-1	1	 	 	7.2	14.1	7.8	27.25	7.9	6.5	 	7	5.3	5.3	3.5	24.7	32.35	6.5	13.3	13.3	1.15	44.5	47	47	 	 	 	17.8	1.5	1.2	9	7.75	11.7	8.75	59
2005	0	0	0	0	0	1	 	6	2/22/2005	 	1442	-1	0	3	20.8	7.8	14.9	8	28.9	8.75	7	 	6.6	5.1	4.7	3.5	26.5	34.3	9	15.8	15.8	1.65	 	50	52	2	41	39	21.2	1.7	1.1	8.3	8.8	13	9.5	67
2005	0	0	0	0	0	1	 	6	2/22/2005	 	1443	-1	0	5	 	7.8	14.3	8.4	27.2	8.45	6.85	 	6.7	4.7	5.9	4.1	24.1	33.9	7	13.3	13.3	1.4	46	48.5	49.5	2	39	37	18.5	1.9	1.25	8.5	8.2	11.6	10	60.5
2005	0	0	0	0	0	1	 	6	2/22/2005	 	1444	-1	0	5	21.7	7.7	15.5	9	27.9	8.9	6.9	 	7	4.8	6.1	4	25.9	35.35	8.5	15.6	15.6	1.4	 	 	52.5	3.5	43.5	40	20.35	1.9	1.4	8.9	8.8	11.9	9.7	62
2005	0	0	0	0	0	1	 	6	2/22/2005	 	1445	-1	0	2	20.85	7.4	14.5	7.8	28.1	8.6	6.9	 	7.2	4.4	5.3	3.6	25.6	34.5	8	14.4	14.4	1.9	46.5	49.5	49.5	4	41	37	20.2	1.5	1	9.8	8.6	12	10.3	65
2005	0	0	0	0	0	1	 	6	2/22/2005	 	1446	-1	0	5	20.6	7.9	15.3	9.2	28.8	9.25	7	 	7.1	4.2	5.3	4.8	26	33.1	9.5	14.6	14.6	1.5	46.5	50	52	3	36	33	20.4	1.5	1	8.9	7.8	12.2	9.8	61
2005	0	0	0	0	0	1	 	6	2/22/2005	 	1447	-1	0	0	20.1	7.7	14.4	8.2	27.75	8.9	6.8	 	6.9	4.4	4.8	4.2	24.4	33.9	8	13.8	13.8	1.15	 	46.5	48	2	40	38	19.85	1.8	1.15	9.1	8.6	10.8	9.2	60.5
2005	0	0	0	0	0	1	 	6	2/22/2005	 	1449	-1	0	3	21.7	7.4	14.8	8.7	27.75	8.2	6.8	 	7.7	5.7	5.7	4.5	26.2	36.75	9	16	16	1.6	 	 	 	4	40	36	19.6	1.6	1.15	9.2	8.6	13.3	9.6	65
2005	0	0	0	0	0	1	 	6	2/22/2005	 	1450	-1	1	 	19.1	7.7	14	8	27.7	8.35	6.8	 	5.8	3.5	4.2	2	25.3	31.3	8	14.1	14.1	1.7	47	 	 	1	37	36	20.2	1.5	1.15	8.7	8	12.25	9.4	57
2005	0	0	0	0	0	1	 	6	2/22/2005	 	1452	-1	1	 	19.4	7.6	13.8	7.85	27.1	8.2	6.65	 	6.6	4.6	5.6	3.2	24.1	32.3	10	13	13	1.9	 	 	 	 	 	 	18.2	1.65	1.25	8.6	8.5	12	8.7	59.5
2005	0	0	0	0	0	1	 	6	2/22/2005	 	1453	-1	1	 	18.3	7.6	14.7	7.55	28.65	8.7	6.65	 	6.1	4.8	4.2	3	24.6	31.7	5	14.2	14.2	1.1	44	48	50	3	39.5	36.5	19.5	1.5	1.1	8.6	8	11.6	8.5	60
2005	0	0	0	0	0	1	 	6	2/22/2005	 	1454	-1	0	5	 	7.6	14.9	8.6	28.6	8.25	7	 	6.9	4.1	6	4.3	25.8	33.3	7.5	15	15	1.55	47	49.5	51	5	42	37	20.1	1.65	1.15	8.9	8.9	13	9	60
2005	0	0	0	0	0	1	 	6	2/22/2005	 	1455	-1	1	 	19.4	7.55	14.75	8.9	27.65	8.2	7.1	 	6.2	4.6	5.15	3.6	25.7	33.5	4	15	15	1.5	46	 	 	 	 	 	19.7	1.5	1.2	8.5	9.1	12.2	9.9	58
2005	0	0	0	0	0	1	 	6	2/22/2005	 	1456	-1	1	 	18.7	7.15	14.3	7.7	27	7.85	6.25	 	6.3	4.2	5.2	3.8	23.8	32.1	8	14	14	1.65	 	 	 	3	39	36	18.5	2	1.3	8	8.8	12	8.7	60.5
2005	0	0	0	0	0	1	 	6	2/23/2005	 	1457	-1	0	3	20.4	8.1	14.5	8.6	28.1	8.15	7.1	 	7.1	4.5	5.8	4	27.8	36	7	 	 	1.4	48.5	 	 	3.5	42.5	39	21.3	1.6	1.1	10.1	9.2	13	10.2	64.5
2005	0	0	0	0	0	1	 	6	2/23/2005	 	1459	-1	1	 	18.8	7.8	15.1	8	27.4	9	6.95	 	7.7	4.7	5.7	4.3	25.95	33.5	7	 	 	1.6	 	 	 	4.5	36.5	32	19	1.75	1.25	9.2	8.8	11.8	10.6	60.5
2005	0	0	0	0	0	1	 	6	2/23/2005	 	1461	-1	1	 	19.6	7.5	14.6	8.2	28	8.8	6.9	 	6.9	5.1	5	5.1	25.2	35	9	 	 	1.5	44	48	49.5	1.5	38.5	37	19.5	1.6	1.1	8.8	8.9	11.5	8.8	60
2005	0	0	0	0	0	1	 	6	2/23/2005	 	1464	-1	1	 	20.2	7.4	13.7	8	27.2	8.15	6.95	 	5.9	4.1	5.2	4.1	24.3	32.8	11	 	 	1.6	 	 	51	3	41	38	18.5	1.7	1.2	8.8	8.4	11.6	9.3	61.5
2005	0	0	0	0	0	1	 	6	2/23/2005	 	1465	-1	0	5	 	7.9	14.6	8.1	27.3	8.35	6.85	 	7.6	5.4	5.7	4.2	24.8	33.7	9	 	 	1.35	47.5	51.5	54	2	41.5	39.5	19.9	1.85	1.25	9	8.6	13	9.9	62.5
2005	0	0	0	0	0	1	 	6	2/23/2005	 	1466	-1	1	 	19	7.5	14.7	8.15	28.2	8.75	6.6	 	7.5	4.65	5.7	4.6	26.3	36.7	10.5	 	 	1.5	47	49.5	 	2	39	37	20.5	1.6	1.15	9.25	9.3	12.75	9.9	63
2005	0	0	0	0	0	1	 	6	2/23/2005	 	1467	-1	0	5	21	7.2	14.3	7.9	26.9	8.2	6.65	 	7.1	4.5	4.3	4	24.3	32.9	8	 	 	1.2	47	49.5	51.5	2.5	42	39.5	18.65	1.7	1.2	8.5	6.8	12.1	8.4	62
2005	0	0	0	0	0	1	 	6	2/23/2005	 	1469	-1	0	4	20.65	8	15.65	8.9	28.5	9.1	7.1	 	7.2	4.9	5.5	4.4	26.15	35.3	8	 	 	1.75	 	 	52.5	 	 	 	19.45	1.7	1.2	9.3	8.65	13	10.3	63
2005	0	0	0	0	0	1	 	6	2/23/2005	 	1471	-1	1	 	19.1	7.1	14.6	8.3	28.4	8.2	6.5	 	6.6	4.1	4.9	4.1	25.1	32.3	8.5	 	 	1.65	44.5	46.5	49	1	38	37	19.5	1.4	1	8.15	7.4	11.2	9.5	59.5
2005	0	0	0	0	0	1	 	6	2/23/2005	 	1472	-1	1	 	20.2	7.15	13.4	8	27.2	8.1	6.6	 	5.2	3.5	4.5	3.6	24.8	33.6	7.5	 	 	1.2	47	48	48.5	3	38	35	18.9	1.6	1.25	7.2	8.9	11.9	8.8	59.5
2005	0	0	0	0	0	1	 	6	2/23/2005	 	1473	-1	0	5	20.2	7.9	14.7	8.7	28.3	8.7	7.3	 	7	4	5.4	4.3	25.8	33.9	9	 	 	1.9	46.5	48	52.5	1	41	40	20.2	2.1	1.15	9	8.8	10.5	9	65
2005	0	0	0	0	0	1	 	6	2/23/2005	 	1474	-1	0	5	18.5	7.6	14.15	8	27.1	8	6.5	 	6.3	4.3	5.9	4.2	25.7	32.8	5.5	 	 	1.8	 	 	 	3	40	37	19.1	1.5	1.1	9.15	8.2	12	8.7	61
2005	0	0	0	0	0	1	 	6	2/23/2005	 	1475	-1	0	5	20	7.65	14.2	7.8	26.4	7.9	6.5	 	7	4.4	4.5	4.3	26.8	34.7	8	 	 	1.35	48	 	51.5	1	40	39	20.1	1.85	1.2	9	8.5	11.9	8.3	63
2005	0	0	0	0	0	1	 	6	2/23/2005	 	1476	-1	0	3	 	7.4	15.2	 	28.25	8.2	6.65	 	7.3	5.1	6.2	4.5	26.3	35.4	5	 	 	1.5	47	49.5	51.5	5.5	41.5	36	20	1.9	1.25	9.5	9.9	12.7	10.3	62
2005	0	0	0	0	0	1	 	6	2/24/2005	 	1477	1	0	3	19.6	7.8	14.7	8	27.1	8.8	6.65	 	6.2	4.1	5.4	4	25.5	34.8	6.5	 	 	1.5	45	49	50	4	39	35	20.4	1.7	1.1	8.5	8.2	12.25	8.7	61
2005	0	0	0	0	0	1	 	6	2/24/2005	 	1479	1	1	 	20	7.4	14.6	8	27.6	8.3	6.8	 	7	4.3	4.8	3.8	24.6	33.65	10	 	 	1.55	46	49	49.5	1	39	38	19.2	1.65	1.15	9.2	8.4	12	9.1	61.5
2005	0	0	0	0	0	1	 	6	2/24/2005	 	1480	1	1	 	19.3	7.5	14.9	7.8	27.1	8.4	6.7	 	7.2	3.8	5.5	4	24.5	32.8	10	 	 	1.8	44	48.5	49.5	1	39	38	19.1	1.8	1.2	7.9	8.5	12	9.8	60
2005	0	0	0	0	0	1	 	6	2/24/2005	 	1481	1	0	4	20	7.8	14.9	8.2	27.5	8.5	6.65	 	5.8	3.7	4.8	3.8	24.1	32.3	9.5	 	 	1.5	46	49.5	 	4	40	36	18.5	1.65	1.25	7.7	8.7	11.6	9.2	62
2005	0	0	0	0	0	1	 	6	2/24/2005	 	1482	1	0	0	20.7	7.8	15.7	8.2	27.9	8.8	7.15	 	6.5	5	5.4	4	24.4	33.3	8	 	 	1.9	 	48.5	50	2	39	37	19.5	1.9	1.2	7.9	8.6	12	9.5	62
2005	0	0	0	0	0	1	 	6	2/24/2005	 	1483	1	0	3	22.3	8	16	8.9	29.5	9.3	7.25	 	7.1	4.8	5.3	4.2	26	35.5	8.5	 	 	1.9	46.5	47.5	50	3	40	37	19.4	1.9	1.2	9.2	7	10.6	9	62
2005	0	0	0	0	0	1	 	6	2/24/2005	 	1485	1	1	 	19.3	7.5	14.9	7.7	28	8.7	6.5	 	7	3.9	4.9	3.7	24.5	33.3	10	 	 	2.2	41.5	44	46.5	3	39	36	18.5	1.9	1.2	8.65	8	11.75	9.8	57
2005	0	0	0	0	0	1	 	6	2/24/2005	 	1486	1	0	4	20.9	7.5	15.1	8.2	27.5	8.7	7.2	 	6	4.2	6	3.9	25.8	35.9	5.5	 	 	1.3	45.5	50	51.5	2	39	37	20.3	1.7	1.4	8.6	9.2	12.2	8.2	64
2005	0	0	0	0	0	1	 	6	2/24/2005	 	1487	1	1	 	19.3	7.6	14.4	8.4	27.3	8.5	6.85	 	7	4.3	5.1	3.5	25.65	33.5	7	13.6	13.6	1.5	43	46	47.5	3	38	35	19.3	1.8	1.4	9	7.9	11.3	8.8	58.5
2005	0	0	0	0	0	1	 	6	2/24/2005	 	1488	1	0	5	 	8	15.1	8.65	28.8	9	6.65	 	7.3	4.8	5.5	3.8	26.1	34.5	9.5	14.5	14.5	1.55	47.5	48.5	51	4	41	37	19.7	1.65	1.4	8.7	8.5	12.1	8.9	63.5
2005	0	0	0	0	0	1	 	6	2/24/2005	 	1489	1	1	 	 	7.8	14.8	8.7	27.85	8.2	7.4	 	6	4.6	5.7	4	25.7	33	7.5	14	14	2.1	43	45.5	48	1	39	38	19.6	1.8	1.3	8.4	7.8	11.6	10.1	60.5
2005	0	0	0	0	0	1	 	6	2/24/2005	 	1490	1	0	5	19.7	7.8	14.1	8.1	28.1	8.3	6.65	 	7.4	 	5.8	4.1	26.7	35.7	10.5	14.4	14.4	1.7	46.5	51	51	1.5	38	36.5	21.1	1.65	1.1	9.3	9	12.8	10.5	64
2005	0	0	0	0	0	1	 	6	2/24/2005	 	1492	1	0	0	15.1	7.5	14.5	8.6	27.1	8.6	6.9	 	6.6	4.5	5.3	4	25	33.9	5.5	14.1	14.1	1.6	44	48	 	1	36	35	19.5	1.7	1.2	8.6	8.2	11.8	10	60
2005	0	0	0	0	0	1	 	6	2/24/2005	 	1493	1	1	 	18.5	7.45	12.5	7.8	28.4	8.9	6.9	 	6.7	4.5	5	4.2	25.1	33.3	8	14	14	1.6	46	49	50.5	1	38	37	19	1.9	1.3	9	8.1	11.5	9	61
2005	0	0	0	0	0	1	 	6	2/24/2005	 	1494	1	0	5	 	7.1	15.3	8.4	28.2	8.5	6.9	 	6.7	4	5.15	4.1	22.5	32	8	 	 	1.9	 	 	 	3	40	37	17.8	1.65	1.2	8.3	8	10.5	8.7	60
2005	0	0	0	0	0	1	 	6	2/24/2005	 	1497	1	0	0	18.75	7.4	14.8	7.85	28	8.1	6.65	 	6.5	3.8	5	3.8	24.7	32	7.5	13.3	13.3	2.1	43	43.5	47	 	 	 	19.65	1.65	1.5	9	9	12.1	9.6	60
2005	0	0	0	0	0	1	 	6	2/24/2005	 	1498	1	0	4	19.8	8.5	15.9	8.75	28.5	9.2	7.2	 	7	4.1	5.1	4	24.8	32.5	7	14.5	14.5	1.8	45.5	50	51.5	1.5	41	39.5	19.3	1.6	1.3	9	9.6	12	9.9	64
2005	0	0	0	0	0	1	 	6	2/24/2005	 	1499	1	0	5	 	8	16.3	9.5	28.9	9.7	7.4	 	8	4.8	5.35	4.7	26.5	35.4	7.5	16.4	16.4	1.8	46.5	49.5	52	3	41.5	38.5	20.15	1.9	1.4	9.3	9.4	12.6	9.2	66
2005	0	0	0	0	0	1	 	6	2/24/2005	 	1500	1	1	 	19.5	7.2	13.9	7.6	27.7	8	6.25	 	6.7	3.9	5.5	4.1	24	31.7	6	13.8	13.8	1.5	45	47	49	3	42	39	18	1.75	1.3	8.6	8.4	12	10.3	61
2005	0	0	0	0	0	1	 	6	2/24/2005	 	1501	1	1	 	19.1	8	15.6	9.2	28.4	9	7.2	 	6.9	5.1	5.3	4.3	24.7	32.5	8	14	14	1.65	46	50.5	51	2	40	38	19	1.8	1.2	8.15	9	12	9.9	62.5
2005	0	0	0	0	0	1	 	6	2/24/2005	 	1502	1	1	 	19.7	8.1	14.9	8.8	28.5	9	7	 	6.7	3.9	5.5	4.2	25.5	33.3	8	14.6	14.6	1.7	43	46.5	49	2	39	37	20.3	1.75	1.3	8.9	8.4	12.2	9.4	61
2005	0	0	0	0	0	1	 	6	2/24/2005	 	1503	1	0	4	 	8.1	14.2	8.3	28	8.65	6.75	 	6.6	5	5	4	25.5	33.4	9.5	16.2	16.2	1.6	51	52	 	4	43	39	19.6	1.75	1.15	8.5	8.5	12.2	8.7	62.5
